gene	corr	pvalue	gene_mod	pc_mod
ENSG00000177182.10	0.74869181503676	1.99327409909441e-33	1	18
ENSG00000129933.20	0.748703168090121	1.98643209458264e-33	27	16
ENSG00000104341.16	0.748706261450931	1.98457186837257e-33	9	8
ENSG00000139767.8	0.748769329695768	1.94701682394347e-33	7	26
ENSG00000083168.9	0.748804969122455	1.92610502286144e-33	9	8
ENSG00000173404.4	0.74880975226086	1.92331534909494e-33	1	7
ENSG00000171450.5	0.748821712742369	1.91635702392236e-33	7	18
ENSG00000124942.13	0.748845301098813	1.90270643162085e-33	2	18
ENSG00000115091.11	0.748860143624628	1.89416616800822e-33	3	12
ENSG00000166257.8	0.748873335457247	1.8866073807978e-33	7	8
ENSG00000182827.8	0.748975283006181	1.82918534208074e-33	12	8
ENSG00000047849.21	0.749016880248771	1.80625304135091e-33	4	9
ENSG00000145990.10	0.749052241825456	1.78698116750125e-33	1	15
ENSG00000162889.10	0.749060979537446	1.78225043512008e-33	6	7
ENSG00000112531.16	0.749189474561796	1.71408852724356e-33	9	18
ENSG00000105376.4	0.74924926229132	1.68325454659025e-33	1	9
ENSG00000119446.13	0.749310531121324	1.65222328896191e-33	3	12
ENSG00000120053.10	0.749324613936592	1.64517065670098e-33	7	15
ENSG00000168385.17	0.749372758241057	1.62128324167015e-33	9	8
ENSG00000141556.20	0.749406781230629	1.60460853584278e-33	8	9
ENSG00000271614.1	0.74944830712803	1.58448529631074e-33	1	15
ENSG00000198853.11	0.749483388198862	1.56767894071419e-33	8	26
ENSG00000167220.11	0.749483710606714	1.567525300897e-33	9	8
ENSG00000131127.13	0.749488695118722	1.56515187329374e-33	14	12
ENSG00000163701.18	0.74953767737368	1.54201585367844e-33	1	8
ENSG00000198920.9	0.749563359796346	1.53002003374398e-33	8	1
ENSG00000141424.12	0.749582905530666	1.52095216377648e-33	12	14
ENSG00000116299.16	0.749593616900214	1.51600529119765e-33	1	9
ENSG00000243716.10	0.749604339253464	1.51106921053471e-33	16	27
ENSG00000137168.7	0.749611210768653	1.50791420182093e-33	3	16
ENSG00000213281.4	0.749628193294722	1.50014458448991e-33	12	9
ENSG00000130684.13	0.749632196774795	1.49831871430141e-33	14	12
ENSG00000137076.20	0.749652516010684	1.48908538148733e-33	6	7
ENSG00000130590.13	0.749707651880614	1.46431218736094e-33	8	14
ENSG00000198934.4	0.74970920148779	1.46362182487919e-33	7	18
ENSG00000176978.13	0.749714378131427	1.46131791069465e-33	16	3
ENSG00000061936.9	0.749741859359425	1.44914678652043e-33	16	27
ENSG00000136143.14	0.749748913840574	1.44603856813659e-33	3	12
ENSG00000120049.18	0.7497987369199	1.42427250425178e-33	1	8
ENSG00000172575.11	0.749802624611444	1.42258772973091e-33	1	15
ENSG00000138760.9	0.749811843624787	1.4186004058624e-33	9	8
ENSG00000111674.8	0.749828977292683	1.41121911117004e-33	7	18
ENSG00000102024.17	0.749860442824531	1.39776190334225e-33	4	8
ENSG00000013441.15	0.749861330438552	1.39738412564855e-33	16	27
ENSG00000143409.15	0.750023261970023	1.33011994876486e-33	9	18
ENSG00000165233.17	0.750037296625378	1.32444254148194e-33	6	1
ENSG00000171462.14	0.750045600054073	1.3210948139109e-33	8	1
ENSG00000137070.17	0.750059994726236	1.31531098193857e-33	14	12
ENSG00000006740.16	0.750063246505292	1.31400786098848e-33	1	18
ENSG00000130590.13	0.750087136142736	1.30447319522804e-33	8	1
ENSG00000143799.12	0.750091010906426	1.30293315931649e-33	2	9
ENSG00000131724.10	0.750211960851715	1.25575092565854e-33	5	6
ENSG00000142686.7	0.7502276322966	1.24976197391443e-33	15	1
ENSG00000271344.1	0.750259305285935	1.23774363555372e-33	14	12
ENSG00000124570.17	0.750430851139714	1.17460078110386e-33	6	1
ENSG00000046653.14	0.750444767009495	1.16961993610756e-33	9	12
ENSG00000108018.15	0.750472594863685	1.15972192015137e-33	1	9
ENSG00000171004.18	0.750615351830215	1.11022728354051e-33	7	15
ENSG00000076864.19	0.75062449501598	1.10712913112055e-33	8	9
ENSG00000099960.12	0.750634332879518	1.10380509403909e-33	7	19
ENSG00000115155.16	0.750707348127022	1.07943972904052e-33	1	8
ENSG00000119139.17	0.750814741564187	1.04456150459313e-33	4	9
ENSG00000170802.15	0.750848254271339	1.03390646167463e-33	9	4
ENSG00000177674.15	0.750852571444937	1.03254166133342e-33	6	7
ENSG00000147475.14	0.75085480501392	1.03183625317525e-33	2	9
ENSG00000237515.8	0.750893862912104	1.01957735518102e-33	1	18
ENSG00000157445.14	0.751202308023012	9.27674248961655e-34	1	8
ENSG00000110148.9	0.751208142661375	9.26016844634843e-34	1	8
ENSG00000233508.2	0.751208338277317	9.25961327938876e-34	1	18
ENSG00000162607.12	0.751299694460471	9.00388918420653e-34	9	12
ENSG00000185591.9	0.751380417227137	8.78372470476925e-34	9	18
ENSG00000261308.2	0.751411478475701	8.70042732464387e-34	8	9
ENSG00000151327.12	0.751441844313937	8.61974675060352e-34	9	8
ENSG00000077147.14	0.75149561162706	8.4786924091486e-34	9	14
ENSG00000131467.10	0.751506430114663	8.4505868095813e-34	12	14
ENSG00000089050.15	0.751537174889138	8.3712139999037e-34	9	8
ENSG00000114573.9	0.75159855926886	8.21492917478394e-34	7	19
ENSG00000091972.18	0.751649338001713	8.08782020014892e-34	7	19
ENSG00000123570.3	0.751687469247603	7.99364515039639e-34	1	18
ENSG00000055211.12	0.751720288094582	7.91345551734388e-34	9	8
ENSG00000124126.13	0.751722639883479	7.907739658127e-34	4	1
ENSG00000092051.16	0.751742432864076	7.85979497317794e-34	1	8
ENSG00000067955.13	0.751742561473013	7.85948438051461e-34	9	1
ENSG00000197879.14	0.751827303533951	7.6574360861166e-34	13	18
ENSG00000138071.13	0.75186790950814	7.56244119278939e-34	3	12
ENSG00000138018.17	0.751876581846442	7.54230371224123e-34	15	7
ENSG00000182013.17	0.751912945279891	7.45843972356971e-34	7	19
ENSG00000182831.11	0.751960840431634	7.34938000744861e-34	3	14
ENSG00000132821.11	0.751981211783557	7.30347070112339e-34	19	11
ENSG00000104907.12	0.752003236952491	7.25415194775256e-34	16	12
ENSG00000143473.12	0.752141165344251	6.95267428655283e-34	1	8
ENSG00000221955.10	0.752195064490037	6.8382460159219e-34	8	9
ENSG00000165238.16	0.752242279787951	6.739532488609e-34	8	9
ENSG00000128594.7	0.752250024107113	6.72347583887781e-34	1	6
ENSG00000101782.14	0.752440603925824	6.33999306780439e-34	18	1
ENSG00000198108.3	0.752449139851936	6.32333058896716e-34	1	15
ENSG00000119396.10	0.752455334045147	6.31126627094572e-34	12	3
ENSG00000139977.13	0.752500888766383	6.22323364298716e-34	15	3
ENSG00000133169.5	0.752555943942593	6.11845399059923e-34	7	18
ENSG00000072201.13	0.752581381181256	6.07063097495169e-34	1	18
ENSG00000163673.7	0.752653333674457	5.93734121905309e-34	1	7
ENSG00000141384.12	0.752670972305675	5.90510847054567e-34	1	15
ENSG00000009307.15	0.75272848399676	5.80120387425857e-34	9	12
ENSG00000163807.5	0.75277989168533	5.70985209439959e-34	12	9
ENSG00000120690.15	0.752803810202657	5.6678329492071e-34	9	8
ENSG00000165458.13	0.752833264114257	5.61650752333432e-34	18	7
ENSG00000150760.12	0.752845379627951	5.59552849666705e-34	9	18
ENSG00000162782.15	0.752872101671667	5.54952939448846e-34	8	1
ENSG00000129990.14	0.752882961263394	5.5309423576413e-34	1	9
ENSG00000077454.15	0.752975805107381	5.37451466504194e-34	16	14
ENSG00000272541.1	0.75300206215482	5.33107124534547e-34	8	12
ENSG00000168096.14	0.753044126344545	5.26219376881707e-34	16	3
ENSG00000112851.14	0.753048103130023	5.25572754388444e-34	9	18
ENSG00000089050.15	0.753119922100759	5.14028770396402e-34	9	14
ENSG00000160216.18	0.753240193975546	4.95253186125177e-34	2	9
ENSG00000168135.4	0.753267555254332	4.91077032547193e-34	1	8
ENSG00000108588.13	0.753405323036488	4.70570618763467e-34	3	12
ENSG00000141424.12	0.753419870142374	4.68455164764335e-34	12	9
ENSG00000112640.14	0.753434072446669	4.66398885886942e-34	1	18
ENSG00000122068.12	0.753448550949808	4.6431176539799e-34	12	3
ENSG00000053108.16	0.753480442107876	4.59746937334875e-34	1	8
ENSG00000137076.20	0.75349268596734	4.58006142238134e-34	6	18
ENSG00000141646.13	0.753584864686469	4.45107145421343e-34	9	12
ENSG00000072201.13	0.753640755819087	4.37460925092088e-34	1	7
ENSG00000188981.10	0.753686918966773	4.31243184786077e-34	1	18
ENSG00000198216.10	0.753715948020662	4.27377891782428e-34	1	9
ENSG00000068796.16	0.753802606026474	4.1604091865873e-34	12	9
ENSG00000100485.11	0.753807520616279	4.15406919341252e-34	9	4
ENSG00000158195.10	0.753808010186588	4.15343815176925e-34	6	18
ENSG00000112144.15	0.753990117738655	3.92513635182291e-34	9	4
ENSG00000101104.12	0.754006550022554	3.90515412639401e-34	14	8
ENSG00000112137.17	0.754086557531129	3.809284256822e-34	1	15
ENSG00000233932.4	0.75410580021811	3.78657441521032e-34	15	7
ENSG00000124493.13	0.754240835685208	3.63091528952332e-34	1	9
ENSG00000149823.8	0.754306986459005	3.55697784827366e-34	1	9
ENSG00000115935.17	0.754374835099084	3.48268284237875e-34	4	1
ENSG00000173145.11	0.754417504149307	3.43674455023876e-34	9	8
ENSG00000110696.9	0.754527443609969	3.32111270210878e-34	3	12
ENSG00000162062.14	0.754613560534195	3.23322002348353e-34	8	9
ENSG00000162368.13	0.754617222491109	3.22953376150294e-34	9	8
ENSG00000156990.14	0.754621565686335	3.22516710368238e-34	1	9
ENSG00000088899.14	0.754673566111926	3.1733350675476e-34	1	8
ENSG00000170091.10	0.754699319054015	3.14797006187579e-34	1	9
ENSG00000197457.9	0.754746844678181	3.10168338578975e-34	8	7
ENSG00000112996.10	0.75491022112335	2.94761937728533e-34	1	18
ENSG00000109686.17	0.755012846159995	2.85472322685096e-34	9	4
ENSG00000107758.15	0.755050412808683	2.82144369437037e-34	15	7
ENSG00000004777.18	0.75512830362376	2.75365417384511e-34	8	14
ENSG00000167807.15	0.755165902050328	2.72150812565099e-34	8	9
ENSG00000164885.12	0.755167147652153	2.72044950369113e-34	1	7
ENSG00000136286.14	0.755186050525055	2.70443385514665e-34	5	6
ENSG00000165434.7	0.755213586784908	2.68126946797862e-34	7	19
ENSG00000189241.6	0.755316100171039	2.59673663742866e-34	1	18
ENSG00000133169.5	0.755330496906946	2.58507715076153e-34	7	19
ENSG00000131779.10	0.755334081082303	2.58218245708746e-34	7	18
ENSG00000197562.9	0.755431466612577	2.50474077165272e-34	1	9
ENSG00000116254.17	0.755431612650938	2.50462637572599e-34	11	19
ENSG00000065613.13	0.755460842772112	2.48183285858003e-34	1	15
ENSG00000170271.10	0.755674468200628	2.32133665137086e-34	9	4
ENSG00000102699.5	0.755682155385981	2.31575593225037e-34	9	8
ENSG00000114948.12	0.755739544127782	2.27450838784615e-34	1	18
ENSG00000109332.19	0.75574551743835	2.27025692717857e-34	9	12
ENSG00000135018.13	0.755844465647122	2.20095897194831e-34	3	12
ENSG00000089006.16	0.755916789016231	2.15162925140123e-34	9	2
ENSG00000104412.7	0.755940604713047	2.13562474701321e-34	9	8
ENSG00000196405.12	0.755957078808144	2.12462255122707e-34	8	26
ENSG00000198513.11	0.755983381014001	2.10717224342331e-34	7	1
ENSG00000108773.10	0.755992601029495	2.10108865239385e-34	16	14
ENSG00000104388.14	0.756068809076423	2.05146249055669e-34	3	15
ENSG00000106780.8	0.7561501316226	1.99977848594451e-34	9	12
ENSG00000131398.13	0.756228732136504	1.95104368507244e-34	8	1
ENSG00000213339.8	0.756251284925614	1.93727745551151e-34	14	16
ENSG00000105355.8	0.756261844088646	1.93086505368455e-34	9	8
ENSG00000144583.4	0.756334274270415	1.88743927545541e-34	7	1
ENSG00000198420.9	0.756406709392193	1.84497260409226e-34	1	15
ENSG00000143847.15	0.756421672972773	1.83631785018308e-34	8	9
ENSG00000164292.12	0.756520825391559	1.77997083182474e-34	2	9
ENSG00000189159.15	0.756531141526499	1.774207012281e-34	7	18
ENSG00000118007.12	0.756581620172165	1.74626754003229e-34	9	12
ENSG00000105397.13	0.75664559841467	1.71147795354648e-34	16	3
ENSG00000101442.9	0.756665624978474	1.70072897563919e-34	8	9
ENSG00000082996.19	0.756692255310132	1.6865384224263e-34	9	4
ENSG00000108947.4	0.756698303192867	1.68333195701433e-34	1	7
ENSG00000159409.14	0.756706514228983	1.67898823624551e-34	8	1
ENSG00000150768.15	0.756720270947667	1.67173551498277e-34	3	12
ENSG00000162607.12	0.756789100983279	1.63590816616835e-34	9	8
ENSG00000143409.15	0.756794887505231	1.63293085412895e-34	9	4
ENSG00000072803.17	0.756797889270154	1.63138847247326e-34	12	14
ENSG00000150093.18	0.756798628743267	1.63100873301848e-34	9	8
ENSG00000165704.14	0.756819047009703	1.62055771165965e-34	7	18
ENSG00000184384.13	0.756819251504254	1.62045337602648e-34	9	8
ENSG00000259834.1	0.756825888392466	1.61707074251961e-34	7	26
ENSG00000163888.3	0.756906555706152	1.57650856291303e-34	11	19
ENSG00000128791.11	0.75703800274722	1.51254877514098e-34	9	8
ENSG00000111726.12	0.757077876037407	1.49365722827473e-34	19	7
ENSG00000122545.18	0.757086855868266	1.48943483847426e-34	9	4
ENSG00000097021.19	0.757135176312836	1.46691514716097e-34	7	18
ENSG00000143742.12	0.757148372124905	1.46082375434888e-34	9	12
ENSG00000140367.11	0.757206528104316	1.43427346985506e-34	9	1
ENSG00000001629.9	0.757370417133024	1.36198194102681e-34	9	8
ENSG00000163110.14	0.757381013544953	1.35743336904061e-34	2	9
ENSG00000119946.10	0.757398890201231	1.34979358851233e-34	1	9
ENSG00000119280.16	0.75743923777129	1.33270589155127e-34	9	1
ENSG00000083312.17	0.757451823160128	1.32741953699489e-34	9	12
ENSG00000180543.4	0.757470673056817	1.31954044315323e-34	7	15
ENSG00000173653.7	0.757480669491202	1.31538072441996e-34	14	26
ENSG00000112053.13	0.757637550264363	1.2517658302067e-34	8	14
ENSG00000134453.15	0.757656291622221	1.24437180975601e-34	9	7
ENSG00000124126.13	0.757681093092246	1.23465297317587e-34	4	18
ENSG00000188573.7	0.757902526466929	1.15112845939362e-34	7	19
ENSG00000125170.10	0.757906920188012	1.14952875356251e-34	26	19
ENSG00000153563.15	0.757917350771458	1.14573985346584e-34	1	8
ENSG00000104375.15	0.757944933015712	1.13577977940891e-34	9	7
ENSG00000172164.13	0.758017573093714	1.1099552221801e-34	9	2
ENSG00000078747.14	0.75802738909605	1.10651014114277e-34	9	8
ENSG00000135069.13	0.758031928707159	1.10492045560736e-34	2	9
ENSG00000205090.8	0.758040603136509	1.10188908687123e-34	1	8
ENSG00000255686.1	0.758126865118311	1.07218608111631e-34	8	9
ENSG00000177679.15	0.758177151943605	1.05523582849408e-34	8	12
ENSG00000140854.12	0.758209450267256	1.04448843540309e-34	1	9
ENSG00000108510.9	0.758220346288905	1.04088711243543e-34	12	9
ENSG00000182831.11	0.758262483780892	1.02707465413443e-34	3	12
ENSG00000145882.10	0.758428194907749	9.74484334485005e-35	8	26
ENSG00000004455.16	0.758432663094731	9.73103652112822e-35	9	8
ENSG00000166167.17	0.75846800430317	9.62250776330345e-35	1	15
ENSG00000092096.16	0.758489326485361	9.55760718976068e-35	8	7
ENSG00000116299.16	0.758499860099135	9.52570417585604e-35	1	8
ENSG00000131480.8	0.758525042513852	9.44985891359029e-35	8	9
ENSG00000083168.9	0.758532474905733	9.42758765121628e-35	9	18
ENSG00000103723.12	0.758548534342347	9.37964167196301e-35	8	9
ENSG00000187730.8	0.758549339823196	9.37724321594785e-35	1	9
ENSG00000185774.14	0.758607437583776	9.20583063131076e-35	1	15
ENSG00000183785.14	0.758676721041668	9.00544567450244e-35	1	7
ENSG00000242866.9	0.758700788475854	8.93684680009102e-35	8	9
ENSG00000166685.11	0.75870160928777	8.9345163542093e-35	8	9
ENSG00000204147.9	0.758768872677622	8.74556235551098e-35	15	7
ENSG00000205593.11	0.758904995798813	8.3751289203483e-35	10	9
ENSG00000142408.4	0.758986016853505	8.16202613909962e-35	7	9
ENSG00000174332.5	0.759042719878494	8.01607010315469e-35	8	9
ENSG00000067167.7	0.759061050833374	7.96943747446952e-35	9	8
ENSG00000179335.18	0.759105180372254	7.85826790369097e-35	16	15
ENSG00000185274.11	0.759123913286125	7.81153960409896e-35	1	18
ENSG00000138592.13	0.759208577982125	7.60373788650631e-35	9	8
ENSG00000177614.10	0.759233846556548	7.54278007796453e-35	15	1
ENSG00000101079.20	0.759287964341772	7.41384087977126e-35	15	7
ENSG00000149575.5	0.759289954996449	7.40913963242831e-35	1	18
ENSG00000132122.11	0.759318372737107	7.34234582592335e-35	9	1
ENSG00000168490.13	0.759326579776574	7.32316637513944e-35	1	9
ENSG00000233508.2	0.759351466703597	7.26530795258601e-35	1	7
ENSG00000178105.9	0.759413959713599	7.1219978359812e-35	7	9
ENSG00000073605.18	0.759517356551134	6.89097533071778e-35	14	12
ENSG00000111674.8	0.759539167756497	6.8431928078424e-35	7	8
ENSG00000082996.19	0.759604792756598	6.70138491082859e-35	9	8
ENSG00000065029.14	0.759629338907243	6.64909053177826e-35	16	14
ENSG00000167220.11	0.759630244433267	6.64716905778416e-35	9	12
ENSG00000151376.16	0.759646881194627	6.61196395723572e-35	1	9
ENSG00000165684.4	0.75967953011959	6.54340833769797e-35	8	12
ENSG00000100593.17	0.759686306340572	6.52926771075424e-35	1	8
ENSG00000067167.7	0.7598349432434	6.22655189696518e-35	9	1
ENSG00000142864.14	0.759873652984313	6.15001071235799e-35	9	14
ENSG00000168461.12	0.759912072667964	6.07495938168883e-35	2	9
ENSG00000077522.12	0.759937549110503	6.02569022254561e-35	8	1
ENSG00000128482.15	0.760031255505467	5.84783241533654e-35	8	9
ENSG00000172239.13	0.760101726811528	5.71749093887064e-35	12	8
ENSG00000136883.13	0.760173624681674	5.58745970866462e-35	1	8
ENSG00000129515.18	0.760186447139438	5.5645775496556e-35	9	4
ENSG00000206557.5	0.760190029084658	5.55820193931377e-35	1	8
ENSG00000138434.16	0.760308656931541	5.35106880703046e-35	9	1
ENSG00000109736.14	0.760363422859704	5.25802631726505e-35	14	16
ENSG00000169251.12	0.760388311113507	5.2162716162826e-35	9	12
ENSG00000188011.5	0.760481993130533	5.06200977441943e-35	8	7
ENSG00000147251.15	0.760551706595492	4.95013966757111e-35	1	9
ENSG00000186432.8	0.760583425130905	4.90004978877798e-35	3	16
ENSG00000085832.16	0.760585181934565	4.89729008154082e-35	9	12
ENSG00000176204.13	0.760627731262393	4.83091615818832e-35	7	18
ENSG00000077147.14	0.760757189203002	4.63437122826247e-35	9	8
ENSG00000147912.12	0.760809575264464	4.55709505377785e-35	8	9
ENSG00000101958.13	0.760815392561179	4.54859246670529e-35	7	19
ENSG00000177192.13	0.760838863515151	4.51444559473149e-35	8	9
ENSG00000082458.11	0.760863416359648	4.47899488028102e-35	1	9
ENSG00000232931.5	0.760929823267676	4.38448063644174e-35	14	16
ENSG00000160299.16	0.760940762663907	4.36910059687391e-35	1	8
ENSG00000108352.11	0.760983128746192	4.31003648178704e-35	8	14
ENSG00000125510.15	0.761025132125342	4.25225441989895e-35	7	9
ENSG00000127152.17	0.761072558929127	4.18792820741769e-35	1	8
ENSG00000187323.11	0.761087102691994	4.16839480373384e-35	1	15
ENSG00000060237.16	0.76111467896757	4.13160373745846e-35	4	9
ENSG00000198910.12	0.761122601069885	4.12109366881085e-35	7	8
ENSG00000112232.8	0.761219014028922	3.9952755941455e-35	1	15
ENSG00000181754.6	0.761275337729477	3.92353210160528e-35	15	7
ENSG00000169169.14	0.761307325965018	3.88335285373199e-35	8	12
ENSG00000159335.15	0.761320888344576	3.86644021187328e-35	1	9
ENSG00000104765.15	0.761398062769879	3.77157337865665e-35	9	12
ENSG00000072110.13	0.761422903173914	3.74152871558394e-35	1	8
ENSG00000139200.13	0.76144512690584	3.71484877040531e-35	1	7
ENSG00000100095.18	0.761448397226186	3.71093854432524e-35	11	19
ENSG00000166848.5	0.761504264602347	3.64476219469296e-35	7	19
ENSG00000168522.12	0.761548566067683	3.59311331534223e-35	9	1
ENSG00000164938.13	0.761575818498535	3.56169982583713e-35	18	7
ENSG00000121775.17	0.761661969555822	3.46416294979632e-35	8	9
ENSG00000112851.14	0.761671857000334	3.4531384378643e-35	9	4
ENSG00000102158.19	0.761707444453571	3.41374360486629e-35	9	8
ENSG00000162951.10	0.76187967580862	3.22925309659463e-35	1	9
ENSG00000176155.18	0.761882451681462	3.22636152789289e-35	14	12
ENSG00000169756.16	0.761921186281202	3.1862775382575e-35	9	8
ENSG00000150995.18	0.762044967315503	3.06144369579388e-35	1	15
ENSG00000108947.4	0.762092058633013	3.01522739164598e-35	1	9
ENSG00000152137.6	0.762109295773313	2.99848288411984e-35	9	6
ENSG00000272541.1	0.762156959149138	2.95265692730989e-35	8	14
ENSG00000102699.5	0.76221871832519	2.89430309554012e-35	9	7
ENSG00000141380.13	0.76226838862459	2.84819684571626e-35	9	1
ENSG00000097021.19	0.762288600890052	2.8296426274563e-35	7	26
ENSG00000122824.10	0.762336219479081	2.78639951280068e-35	7	19
ENSG00000278727.1	0.762388737650144	2.7394614768291e-35	1	15
ENSG00000125510.15	0.762484226287528	2.65610518074752e-35	7	8
ENSG00000152495.10	0.762495287704333	2.64661210350278e-35	1	15
ENSG00000148541.12	0.762506333653478	2.63716564475406e-35	9	4
ENSG00000021300.13	0.762539793841089	2.6087527673033e-35	9	4
ENSG00000183317.16	0.762540752039354	2.6079435645659e-35	8	1
ENSG00000048392.11	0.76270572551922	2.47224515085219e-35	9	8
ENSG00000118402.5	0.76271073741496	2.46823337082833e-35	7	18
ENSG00000178171.10	0.762801071232404	2.39701489660897e-35	7	9
ENSG00000112186.11	0.762805186548233	2.39381906608136e-35	7	1
ENSG00000170579.16	0.762884619670372	2.33294938742075e-35	1	7
ENSG00000142686.7	0.762890121349042	2.3287903462816e-35	15	18
ENSG00000130643.8	0.76290564208064	2.31709663052164e-35	8	9
ENSG00000099326.8	0.762916844489018	2.30869239892077e-35	14	12
ENSG00000138944.7	0.763162210343635	2.13196325096071e-35	19	11
ENSG00000196876.15	0.763169193171345	2.12713382257692e-35	1	7
ENSG00000119471.14	0.763182892716559	2.11769029234302e-35	2	9
ENSG00000077235.17	0.763346163168304	2.00827194075162e-35	14	8
ENSG00000184307.14	0.763375293423609	1.98934380822151e-35	1	8
ENSG00000100023.18	0.763506533952257	1.90622284387121e-35	14	12
ENSG00000187189.10	0.763607723199404	1.84447878471203e-35	7	15
ENSG00000277938.1	0.763634166487408	1.82867081680453e-35	8	1
ENSG00000173898.11	0.763661230463148	1.81262996253957e-35	1	8
ENSG00000081760.16	0.763671923638643	1.80633036496913e-35	7	9
ENSG00000132872.11	0.763750472223091	1.76071180454795e-35	7	18
ENSG00000167702.11	0.763818041262219	1.72237898838937e-35	8	9
ENSG00000181035.13	0.763850909174582	1.70403089278743e-35	8	9
ENSG00000120899.17	0.763920163906707	1.66599810248478e-35	1	9
ENSG00000163995.19	0.76398580826279	1.6307203178256e-35	1	8
ENSG00000015676.17	0.764033960282577	1.6053117921379e-35	1	15
ENSG00000197622.12	0.764084123786459	1.57925652122919e-35	6	1
ENSG00000169169.14	0.764089938924556	1.57626316855556e-35	8	9
ENSG00000105143.12	0.764109821074268	1.56607094537872e-35	1	18
ENSG00000047849.21	0.764118875769297	1.56145075644568e-35	4	18
ENSG00000063015.19	0.764136958114694	1.55226431164524e-35	1	9
ENSG00000067560.10	0.764187656138197	1.52679086380509e-35	9	18
ENSG00000074317.10	0.764230326688185	1.50567027025319e-35	19	26
ENSG00000137710.14	0.764232643826701	1.5045316321945e-35	9	1
ENSG00000132781.17	0.76426308646268	1.48965069473783e-35	16	15
ENSG00000172888.11	0.76435754731397	1.44439305723347e-35	9	18
ENSG00000050030.13	0.764423125565283	1.41377265487835e-35	7	19
ENSG00000162572.20	0.764456153663256	1.39859384321016e-35	14	16
ENSG00000124194.16	0.764562777240658	1.35067964477115e-35	7	9
ENSG00000168615.11	0.764571680273391	1.34675274557475e-35	9	12
ENSG00000053770.11	0.764822700429534	1.24054581791313e-35	12	3
ENSG00000179542.15	0.764942431543665	1.19283647378345e-35	7	18
ENSG00000008294.20	0.764963322016095	1.18469942090435e-35	9	8
ENSG00000117598.11	0.764987914455369	1.17519044869921e-35	7	19
ENSG00000135454.13	0.765064936342403	1.14589271179888e-35	1	7
ENSG00000101152.10	0.765119860297214	1.1254411820571e-35	15	1
ENSG00000172340.14	0.765164734683246	1.10899890636834e-35	9	2
ENSG00000184205.14	0.765164826195515	1.10896561857424e-35	8	9
ENSG00000178467.17	0.765172945391341	1.10601615605185e-35	8	14
ENSG00000119950.20	0.765195600674858	1.09782695779253e-35	9	18
ENSG00000137177.19	0.765261210356032	1.07444643586845e-35	4	9
ENSG00000132821.11	0.765407101207683	1.02420043064995e-35	19	26
ENSG00000171132.13	0.765452311591344	1.00910462063258e-35	7	15
ENSG00000172239.13	0.765501007538017	9.93090059013574e-36	12	14
ENSG00000151239.13	0.765618766399971	9.55390123355178e-36	9	8
ENSG00000164885.12	0.765620682128083	9.54788613808379e-36	1	9
ENSG00000090975.12	0.765636249407761	9.49914533806654e-36	1	8
ENSG00000166922.8	0.765675111452924	9.37853602181327e-36	7	1
ENSG00000154277.12	0.765692441372443	9.32523961698412e-36	7	19
ENSG00000163328.13	0.765739633268741	9.18161318870491e-36	1	15
ENSG00000166046.10	0.765746282547567	9.16155230769743e-36	9	18
ENSG00000178965.13	0.765750298704815	9.14945647405257e-36	1	7
ENSG00000176105.13	0.76585980944322	8.82562697429222e-36	9	8
ENSG00000092096.16	0.765873267374127	8.78661829887873e-36	8	26
ENSG00000148700.14	0.765906320885175	8.69152980155279e-36	9	2
ENSG00000176155.18	0.765995187542207	8.4408741798161e-36	14	3
ENSG00000266412.5	0.766001805541023	8.42249502373393e-36	9	14
ENSG00000232434.2	0.766024919632329	8.35861247170949e-36	8	1
ENSG00000143149.12	0.766029594885076	8.34574918626824e-36	9	2
ENSG00000198910.12	0.766116668030414	8.1097117353929e-36	7	26
ENSG00000133134.11	0.766119831935792	8.10125998453024e-36	7	18
ENSG00000105983.20	0.766230994831856	7.80975417268518e-36	3	15
ENSG00000072133.10	0.766246945280939	7.7687833694316e-36	1	15
ENSG00000140400.16	0.766290246188605	7.65862368703426e-36	16	14
ENSG00000213983.11	0.76629928090638	7.63583364100378e-36	14	12
ENSG00000133789.14	0.766385860583715	7.42079587209417e-36	9	8
ENSG00000172260.14	0.766443304373395	7.28142571409701e-36	7	18
ENSG00000132932.16	0.766463205148779	7.23374625963652e-36	7	19
ENSG00000099917.17	0.766469598235549	7.21849468047974e-36	8	12
ENSG00000132639.12	0.766521580014896	7.09565503485545e-36	1	7
ENSG00000198915.11	0.766600425111298	6.91325331505364e-36	1	18
ENSG00000179195.15	0.76667093302409	6.75405523900823e-36	9	8
ENSG00000168434.12	0.766682210662883	6.72892890743352e-36	16	14
ENSG00000260903.2	0.766709460304475	6.66859663707882e-36	7	19
ENSG00000186260.16	0.766891102240524	6.27982333299123e-36	1	15
ENSG00000084093.16	0.766958059746608	6.14221694853854e-36	9	18
ENSG00000157064.10	0.766982510476028	6.09271134535681e-36	1	18
ENSG00000004700.15	0.766997027160824	6.06350542634558e-36	9	8
ENSG00000079308.16	0.767075093538945	5.90879347172693e-36	13	7
ENSG00000114812.12	0.767172517383038	5.72116318696807e-36	1	8
ENSG00000076864.19	0.767280365419316	5.52029590158774e-36	8	1
ENSG00000050748.17	0.767322134339981	5.44438127957112e-36	7	15
ENSG00000075340.22	0.767340584999491	5.41117567102538e-36	1	15
ENSG00000148925.10	0.767364573041896	5.368302536982e-36	1	15
ENSG00000018280.16	0.767478630579155	5.16898467045996e-36	5	6
ENSG00000166619.12	0.767520268639943	5.09805247040479e-36	1	7
ENSG00000156959.8	0.767556034137497	5.03789046285368e-36	7	8
ENSG00000198046.11	0.767607871947505	4.95193210803457e-36	8	9
ENSG00000182173.12	0.767609206176635	4.94973884255425e-36	16	14
ENSG00000135454.13	0.767640927694875	4.89787445625972e-36	1	9
ENSG00000111276.10	0.767646353444517	4.88905716965826e-36	9	8
ENSG00000165732.12	0.767655230143754	4.87466550679936e-36	9	14
ENSG00000028137.18	0.76771680221184	4.77598164402813e-36	5	6
ENSG00000139767.8	0.767726784348824	4.76016933461264e-36	7	19
ENSG00000006377.10	0.767865169466053	4.54619887053579e-36	1	7
ENSG00000105137.12	0.768111134400065	4.18902092061107e-36	18	7
ENSG00000155096.13	0.768376809887173	3.8342424112723e-36	9	12
ENSG00000162981.13	0.768445203336967	3.7478083014359e-36	1	7
ENSG00000089818.17	0.768449254676884	3.74274895227217e-36	7	19
ENSG00000241973.10	0.768455580838978	3.73486223490674e-36	1	9
ENSG00000143590.13	0.768463072210436	3.72554403717542e-36	1	9
ENSG00000158106.13	0.768477908618172	3.70715718950431e-36	14	9
ENSG00000172239.13	0.768504544336321	3.67437138123586e-36	12	9
ENSG00000084073.8	0.76853704378877	3.63475453697173e-36	9	12
ENSG00000188981.10	0.768707237992935	3.43405854556831e-36	1	7
ENSG00000165152.8	0.768720196203624	3.41923309386577e-36	7	19
ENSG00000126583.10	0.768734064411567	3.40343634944549e-36	1	9
ENSG00000156959.8	0.768815315775282	3.31231993027267e-36	7	1
ENSG00000182901.16	0.768827481728462	3.29888528972616e-36	1	7
ENSG00000167702.11	0.768831441074475	3.29452464225349e-36	8	1
ENSG00000133895.14	0.768881624490917	3.23974441944587e-36	8	12
ENSG00000180089.5	0.768885630495157	3.23541033368349e-36	8	12
ENSG00000162066.14	0.768893604406011	3.22680036943571e-36	8	14
ENSG00000125966.9	0.768979542579559	3.13542748293202e-36	1	7
ENSG00000196581.10	0.769021625886151	3.09161714261925e-36	1	7
ENSG00000196743.8	0.769090207967288	3.02150906364839e-36	9	8
ENSG00000255366.1	0.769361714884694	2.75900612832019e-36	1	7
ENSG00000173114.12	0.769407083299988	2.71738894828759e-36	7	6
ENSG00000073969.18	0.769500702580051	2.63345513856236e-36	1	18
ENSG00000118217.5	0.769507088991329	2.62782339850428e-36	12	14
ENSG00000177519.3	0.769511143426537	2.62425422656349e-36	11	19
ENSG00000132153.14	0.769639539327025	2.51366255629547e-36	8	9
ENSG00000110786.17	0.769684841712671	2.47574819482708e-36	1	8
ENSG00000128708.12	0.769773850747926	2.40288815944825e-36	9	8
ENSG00000005448.16	0.769828910199693	2.35887982195621e-36	10	9
ENSG00000174791.10	0.769844677823528	2.34642384372167e-36	8	1
ENSG00000112232.8	0.769886010647239	2.31407874491139e-36	1	18
ENSG00000162572.20	0.769889512919076	2.31135830323787e-36	14	12
ENSG00000167771.5	0.769920181571788	2.2876701441905e-36	1	9
ENSG00000110675.12	0.769924124148851	2.2846423358089e-36	1	18
ENSG00000166167.17	0.769972896021097	2.24751151139672e-36	1	6
ENSG00000103154.9	0.769975243259499	2.2457395908767e-36	1	8
ENSG00000143418.19	0.770186004735691	2.09212036401721e-36	4	18
ENSG00000198739.10	0.770249387943469	2.04798056472297e-36	15	7
ENSG00000011198.7	0.770256311319762	2.04321508168091e-36	9	8
ENSG00000009307.15	0.770329684844176	1.99337721875523e-36	9	8
ENSG00000164323.12	0.770330243182045	1.99300260454277e-36	9	12
ENSG00000188735.12	0.770699339566501	1.75994249518575e-36	8	14
ENSG00000167371.17	0.770763659445663	1.72217108461782e-36	1	9
ENSG00000165410.14	0.770802827540809	1.69956224211039e-36	4	9
ENSG00000137710.14	0.770837894258115	1.67956901500039e-36	9	4
ENSG00000092096.16	0.770839105575515	1.67888253990292e-36	8	9
ENSG00000124126.13	0.770893730712298	1.64821107553541e-36	4	9
ENSG00000162782.15	0.770903862655028	1.64258308171272e-36	8	9
ENSG00000073605.18	0.770906271613875	1.6412477642067e-36	14	8
ENSG00000082458.11	0.770916684946154	1.63548780762803e-36	1	6
ENSG00000042286.14	0.77092958906817	1.62837773138992e-36	8	14
ENSG00000178996.13	0.770938962010303	1.62323240639148e-36	9	8
ENSG00000114353.16	0.770980489721223	1.60062754237363e-36	6	1
ENSG00000258947.6	0.770994873835505	1.59287033553828e-36	26	19
ENSG00000147676.13	0.771081608579576	1.54687389539056e-36	1	18
ENSG00000053254.15	0.7711171260215	1.52841840687728e-36	9	8
ENSG00000135316.17	0.771190277878629	1.49108808854431e-36	9	12
ENSG00000131061.13	0.771210085570012	1.48113543903265e-36	8	9
ENSG00000102753.9	0.771254840444601	1.45888804902426e-36	12	3
ENSG00000103415.11	0.771306841929167	1.43345158279186e-36	1	18
ENSG00000112053.13	0.771487115265532	1.34860733944994e-36	8	9
ENSG00000148408.12	0.771498207478804	1.34355155153343e-36	8	1
ENSG00000128595.16	0.771509153963024	1.33858049042531e-36	9	12
ENSG00000153443.12	0.771540359336506	1.32450860251154e-36	1	8
ENSG00000091317.7	0.771555373101608	1.31779024706005e-36	9	6
ENSG00000085832.16	0.771676893101175	1.26463365922959e-36	9	8
ENSG00000114948.12	0.771716207012784	1.24789304773936e-36	1	8
ENSG00000105176.17	0.771745412049816	1.23559847620321e-36	9	8
ENSG00000028528.14	0.771775998607065	1.22285023047642e-36	9	8
ENSG00000177182.10	0.771779917748088	1.22122615464804e-36	1	15
ENSG00000213339.8	0.771783087901068	1.21991401085673e-36	14	12
ENSG00000133135.13	0.771824439647155	1.20292496355985e-36	7	19
ENSG00000176396.10	0.771837957099019	1.19742212845656e-36	7	18
ENSG00000188191.14	0.771841628268511	1.19593191421948e-36	7	19
ENSG00000261340.1	0.771871409657358	1.18391027275668e-36	1	8
ENSG00000112078.13	0.772136248692697	1.08210897077144e-36	9	8
ENSG00000113327.15	0.772196703129837	1.06010827518823e-36	7	18
ENSG00000070367.15	0.77229216697874	1.02626093417423e-36	9	8
ENSG00000015133.18	0.772306848808815	1.02115072183761e-36	1	11
ENSG00000131187.9	0.772310844566207	1.01976428807367e-36	1	18
ENSG00000161082.12	0.772350628578743	1.00606091237561e-36	8	1
ENSG00000164924.17	0.772386010215846	9.94026399766202e-37	7	15
ENSG00000182400.14	0.772398940186343	9.89663943527882e-37	15	7
ENSG00000005893.15	0.772413567454009	9.84751565762507e-37	9	4
ENSG00000132600.16	0.772413805161697	9.84671933381914e-37	14	8
ENSG00000138434.16	0.772572902290821	9.32772465469731e-37	9	18
ENSG00000111664.10	0.772683924105297	8.98161597972266e-37	14	8
ENSG00000159658.10	0.772698414745381	8.93738538149489e-37	9	8
ENSG00000101438.3	0.772915053457075	8.30115006009124e-37	1	18
ENSG00000189067.12	0.772924158464835	8.27541036256637e-37	9	8
ENSG00000003096.14	0.772997023819894	8.07223366196051e-37	1	15
ENSG00000122012.13	0.773027895129461	7.98764184650586e-37	1	7
ENSG00000140367.11	0.773029264902433	7.98390877260545e-37	9	8
ENSG00000011347.9	0.773046217390731	7.93784976952025e-37	1	8
ENSG00000112659.13	0.773166459085421	7.61858733612853e-37	14	12
ENSG00000156959.8	0.773199099129341	7.5341275412522e-37	7	18
ENSG00000125814.17	0.77324938217708	7.4058161213687e-37	7	19
ENSG00000158615.8	0.773363452221282	7.12266079929774e-37	9	12
ENSG00000171824.13	0.773533247986983	6.72082033430139e-37	16	27
ENSG00000041353.9	0.773580890658904	6.61213816974813e-37	7	19
ENSG00000184432.9	0.773640393179177	6.47883006770934e-37	9	12
ENSG00000178385.14	0.773713764850436	6.3180903211164e-37	19	26
ENSG00000078747.14	0.773790946275975	6.15324365314765e-37	9	12
ENSG00000112531.16	0.77389503132115	5.93762744480175e-37	9	8
ENSG00000188554.13	0.774187088759192	5.37157098109832e-37	9	8
ENSG00000176454.13	0.774190612590048	5.36507663058045e-37	8	14
ENSG00000151025.9	0.774235419906803	5.2831690061095e-37	1	18
ENSG00000198780.11	0.774277217903239	5.20787349311188e-37	12	3
ENSG00000185127.6	0.774306044589883	5.15656160463059e-37	2	12
ENSG00000182836.9	0.774310968881349	5.14784624117876e-37	19	11
ENSG00000183049.12	0.774312116394725	5.14581737543425e-37	1	15
ENSG00000214078.12	0.774391487678139	5.00737957798183e-37	16	14
ENSG00000114439.18	0.774463524877576	4.88491348371695e-37	9	12
ENSG00000103197.16	0.774675439420317	4.54150091998262e-37	16	14
ENSG00000005893.15	0.774720149347047	4.47214501118795e-37	9	8
ENSG00000142408.4	0.774897030358248	4.20784259578441e-37	7	8
ENSG00000082458.11	0.774921720991102	4.17219454225171e-37	1	18
ENSG00000126653.17	0.774995783161154	4.06703944471075e-37	9	4
ENSG00000137075.17	0.775063643717585	3.97298394377125e-37	3	12
ENSG00000104967.6	0.775118518810296	3.89849613220626e-37	1	8
ENSG00000176956.12	0.775129646375528	3.88356013238859e-37	26	19
ENSG00000158106.13	0.775197218192807	3.79406464239286e-37	14	8
ENSG00000205090.8	0.775197275119683	3.79399010884597e-37	1	9
ENSG00000141380.13	0.775238107804736	3.74089832671784e-37	9	18
ENSG00000139266.5	0.775352615398556	3.59588531354364e-37	8	9
ENSG00000150093.18	0.775456865267307	3.46868657374617e-37	9	18
ENSG00000125755.18	0.775578529744797	3.32583661585387e-37	14	12
ENSG00000135473.14	0.775586728062947	3.31642190406409e-37	16	27
ENSG00000120053.10	0.775809286225721	3.07063694925435e-37	7	18
ENSG00000168385.17	0.775865901449674	3.01103226726377e-37	9	18
ENSG00000173653.7	0.775966327967212	2.90809406302279e-37	14	8
ENSG00000119280.16	0.775976844307166	2.89751734579345e-37	9	8
ENSG00000113763.10	0.775980369152822	2.89398074928765e-37	7	8
ENSG00000058404.19	0.776022602677139	2.85193571033713e-37	1	8
ENSG00000116731.22	0.776121719644236	2.75560991987667e-37	1	9
ENSG00000140943.16	0.776143945289543	2.73445407891868e-37	8	9
ENSG00000186522.14	0.776149895653907	2.72881733292738e-37	9	8
ENSG00000099910.16	0.776393091085033	2.50797849056679e-37	8	9
ENSG00000134287.9	0.776400672069368	2.50138520943622e-37	15	1
ENSG00000127054.20	0.77645761542594	2.4524036529075e-37	16	14
ENSG00000007392.16	0.776508441923885	2.40948253986546e-37	16	14
ENSG00000137710.14	0.776590244377188	2.34195231133298e-37	9	8
ENSG00000109790.16	0.77662040123957	2.31753026294136e-37	9	8
ENSG00000164111.14	0.776725599070926	2.23428539736659e-37	9	1
ENSG00000100678.18	0.776757632149796	2.20952721841726e-37	19	26
ENSG00000204580.13	0.776890452370593	2.10972286401248e-37	18	1
ENSG00000115694.14	0.776965022471919	2.05564969347944e-37	8	14
ENSG00000180822.11	0.777104794752753	1.95794888363778e-37	1	18
ENSG00000273032.1	0.777224906887882	1.87765564835901e-37	1	8
ENSG00000164061.4	0.777415797791828	1.75667352688346e-37	1	7
ENSG00000164076.16	0.777505450410167	1.70253667836949e-37	1	9
ENSG00000166342.18	0.777516160772822	1.69618014476799e-37	15	1
ENSG00000177169.9	0.777589004500462	1.6535637900799e-37	1	8
ENSG00000178498.15	0.777597892517641	1.64843671302606e-37	14	8
ENSG00000087085.13	0.777677786646203	1.60304708622489e-37	7	19
ENSG00000221866.9	0.777727478715821	1.57543932760264e-37	7	1
ENSG00000134186.11	0.777913892359596	1.47598411439759e-37	18	27
ENSG00000149243.15	0.778006342909237	1.4289807764772e-37	1	18
ENSG00000179104.8	0.778171043430514	1.34887011515344e-37	4	9
ENSG00000125675.17	0.77818320621806	1.34313271985809e-37	8	1
ENSG00000103174.11	0.778290691270445	1.29346405057205e-37	1	9
ENSG00000081760.16	0.778305393183595	1.28681255237849e-37	7	8
ENSG00000105613.9	0.77834128349122	1.27071612410432e-37	11	26
ENSG00000271344.1	0.778348027247168	1.26771383420933e-37	14	8
ENSG00000157219.3	0.778354737613183	1.26473334588244e-37	7	18
ENSG00000107897.18	0.778436417372745	1.22900307359478e-37	9	12
ENSG00000113758.13	0.778520217902967	1.19337876797292e-37	8	9
ENSG00000126733.20	0.778553869956651	1.17936102938658e-37	7	18
ENSG00000213199.7	0.778589677559622	1.1646235148889e-37	14	12
ENSG00000088448.14	0.778634391329075	1.14647496312511e-37	16	27
ENSG00000148408.12	0.778814585677754	1.07611880579517e-37	8	9
ENSG00000100441.9	0.778903991721976	1.04280698666936e-37	18	7
ENSG00000119616.11	0.779088291698238	9.77311442500608e-38	9	12
ENSG00000204316.12	0.779175721081499	9.47675346854204e-38	16	14
ENSG00000005486.16	0.77931784509118	9.01377927418299e-38	8	9
ENSG00000138028.15	0.77956150638918	8.27134074711871e-38	1	18
ENSG00000129003.15	0.779572647676121	8.23887347242679e-38	18	27
ENSG00000174791.10	0.779733811524602	7.78302694388181e-38	8	9
ENSG00000105355.8	0.779878845171548	7.39410204451037e-38	9	6
ENSG00000255529.7	0.779894716154581	7.35272240549302e-38	9	8
ENSG00000151136.14	0.780055309317831	6.94664079951592e-38	7	26
ENSG00000120690.15	0.780341264750918	6.27754074345615e-38	9	18
ENSG00000065150.18	0.780358770577016	6.2387081784214e-38	9	12
ENSG00000068796.16	0.780558846168932	5.81135206515968e-38	12	14
ENSG00000174473.15	0.780721078224832	5.48611517570268e-38	7	18
ENSG00000077264.14	0.780775044243752	5.38195343034669e-38	7	19
ENSG00000166619.12	0.78077733233468	5.37758042785123e-38	1	9
ENSG00000149571.11	0.780789446540828	5.35448600579391e-38	1	8
ENSG00000184408.9	0.780878033174318	5.18854930872439e-38	7	15
ENSG00000162931.11	0.781164375722684	4.68608582825551e-38	1	9
ENSG00000144566.10	0.781170227821846	4.67633354427641e-38	9	12
ENSG00000182979.17	0.781270086914092	4.51297113747608e-38	16	3
ENSG00000175866.15	0.781279847857396	4.49730786252846e-38	1	9
ENSG00000171163.15	0.781315580757673	4.44042326253097e-38	16	14
ENSG00000170091.10	0.781389825754626	4.32448676720454e-38	1	18
ENSG00000197530.12	0.781394198823904	4.31775183362721e-38	16	14
ENSG00000108684.14	0.781432916297185	4.25857231761804e-38	7	19
ENSG00000099849.14	0.781459260760112	4.2187625114917e-38	8	9
ENSG00000001036.13	0.781509358887132	4.14406687266007e-38	9	8
ENSG00000186310.9	0.781531032451982	4.11215708725841e-38	19	7
ENSG00000067842.17	0.781560028412418	4.069844902346e-38	1	18
ENSG00000168490.13	0.781569679796475	4.0558565511886e-38	1	8
ENSG00000078328.19	0.781789646713962	3.74958183234889e-38	1	15
ENSG00000178202.12	0.781790078918746	3.74900306917402e-38	9	7
ENSG00000264522.5	0.781934440585248	3.56053256575182e-38	9	4
ENSG00000110987.8	0.782036730328018	3.43267081899503e-38	15	1
ENSG00000163618.17	0.782195088242993	3.24359455274898e-38	19	26
ENSG00000117155.16	0.78229942629357	3.12466379605169e-38	1	15
ENSG00000124151.18	0.782301952973605	3.12183767320034e-38	9	18
ENSG00000004455.16	0.782439442393751	2.97179238954681e-38	9	1
ENSG00000169884.13	0.782550783269508	2.85550968156499e-38	8	14
ENSG00000099917.17	0.78258331258269	2.82239094874261e-38	8	14
ENSG00000138029.13	0.78260128129096	2.80425921774334e-38	2	9
ENSG00000164091.11	0.782640471486106	2.76511063546644e-38	3	15
ENSG00000172273.12	0.782675138547391	2.73092954241279e-38	8	14
ENSG00000169504.14	0.782755292914469	2.65348472501868e-38	9	8
ENSG00000141380.13	0.783083117260166	2.35864377464835e-38	9	7
ENSG00000169884.13	0.783141495394456	2.30963635663501e-38	8	9
ENSG00000244165.1	0.783174038328572	2.28275408706052e-38	8	12
ENSG00000158528.11	0.783214462959789	2.24979008777614e-38	1	15
ENSG00000138028.15	0.783224866631154	2.24138264581436e-38	1	7
ENSG00000182827.8	0.783231965385485	2.23566375672039e-38	12	14
ENSG00000172824.14	0.78323837661539	2.23051110704249e-38	16	14
ENSG00000273079.5	0.78326218731813	2.21147686909051e-38	1	7
ENSG00000214517.9	0.783334280271675	2.15481636608151e-38	7	8
ENSG00000162873.14	0.783341422143684	2.14928178947929e-38	26	19
ENSG00000100346.17	0.783359519205024	2.13532014715969e-38	1	8
ENSG00000142408.4	0.783363572287386	2.1322055166417e-38	7	1
ENSG00000105696.8	0.783415544066356	2.09266178893406e-38	8	26
ENSG00000197457.9	0.783630265000351	1.9368061203633e-38	8	26
ENSG00000204065.2	0.783770288368128	1.84139054386675e-38	7	18
ENSG00000172803.17	0.784065769202991	1.65498251641295e-38	8	14
ENSG00000141447.17	0.784079004706361	1.64708280016774e-38	4	8
ENSG00000104967.6	0.784204723949574	1.5738747543806e-38	1	9
ENSG00000077348.8	0.78436725431351	1.48396551079289e-38	1	18
ENSG00000135932.10	0.784644564149822	1.34210161029865e-38	12	14
ENSG00000253457.2	0.78470130730484	1.31476503621343e-38	7	19
ENSG00000124772.11	0.784864778455607	1.23904111282543e-38	1	8
ENSG00000099246.16	0.784873731995167	1.2350200944243e-38	12	3
ENSG00000122965.10	0.7849127266467	1.21765708414404e-38	16	14
ENSG00000164794.8	0.784959584519672	1.19711077213022e-38	1	15
ENSG00000259834.1	0.784982976175013	1.18698217250567e-38	7	19
ENSG00000113758.13	0.785054533667058	1.15651908885782e-38	8	1
ENSG00000164885.12	0.78511625098693	1.13086476611423e-38	1	18
ENSG00000186310.9	0.785118907211649	1.12977331779659e-38	19	26
ENSG00000008118.9	0.785143970959392	1.11952554008833e-38	1	9
ENSG00000174915.11	0.785146812548341	1.1183695001311e-38	16	14
ENSG00000215788.9	0.785229395153683	1.08528155150106e-38	14	12
ENSG00000143418.19	0.785248088489869	1.07792673009813e-38	4	1
ENSG00000108684.14	0.785297672107151	1.05865530044755e-38	7	26
ENSG00000196405.12	0.785298213984451	1.05844657814546e-38	8	14
ENSG00000127314.17	0.785578531822574	9.55733752124832e-39	9	8
ENSG00000156395.12	0.7856177541312	9.42168638156861e-39	1	7
ENSG00000163807.5	0.78567170140078	9.23820301880639e-39	12	8
ENSG00000104695.12	0.785744910014544	8.99482838441733e-39	9	8
ENSG00000106367.13	0.785895227157054	8.51474645149143e-39	1	15
ENSG00000117069.14	0.786041229720808	8.07264619239823e-39	1	7
ENSG00000163191.5	0.786133316433094	7.80551869449878e-39	5	6
ENSG00000160716.5	0.786136678891232	7.79593141727174e-39	1	7
ENSG00000136531.15	0.786224761447573	7.54887628755889e-39	1	18
ENSG00000128203.6	0.786237080668402	7.51494388000117e-39	1	18
ENSG00000121753.12	0.786273009846878	7.41683554899243e-39	8	1
ENSG00000172915.18	0.786863521776807	5.97395664879683e-39	1	7
ENSG00000135709.12	0.786885617068602	5.92571395237642e-39	1	7
ENSG00000164418.19	0.786956862425952	5.77275698448292e-39	26	19
ENSG00000119280.16	0.786959231229756	5.76773878518351e-39	9	7
ENSG00000070961.15	0.787123364926568	5.43029830222567e-39	1	15
ENSG00000007402.11	0.787249980634158	5.18335172018307e-39	26	19
ENSG00000102699.5	0.787325736618762	5.04092635585977e-39	9	18
ENSG00000129515.18	0.787420775375965	4.86769148413044e-39	9	8
ENSG00000136854.19	0.787439190525538	4.83480966308606e-39	7	26
ENSG00000070367.15	0.787529834499748	4.67612026727804e-39	9	14
ENSG00000244165.1	0.78753469907132	4.66775057560105e-39	8	9
ENSG00000166105.15	0.787595673462207	4.56408547296068e-39	1	9
ENSG00000151247.12	0.787665064267519	4.4488692876528e-39	12	3
ENSG00000040933.15	0.787885053227509	4.10221906881199e-39	1	7
ENSG00000143751.9	0.7879246844763	4.042662931222e-39	9	12
ENSG00000158195.10	0.78804395052445	3.86852768784644e-39	6	7
ENSG00000156687.10	0.788079691196672	3.81779880492365e-39	7	19
ENSG00000167771.5	0.788095350082062	3.79578024602042e-39	1	8
ENSG00000224940.8	0.788268893878133	3.55997676810559e-39	14	8
ENSG00000157542.9	0.788412104730602	3.37630772862441e-39	11	19
ENSG00000135404.11	0.78845114770525	3.32787598600016e-39	6	1
ENSG00000134709.10	0.788504727759424	3.26252405496324e-39	1	7
ENSG00000129636.12	0.788554038246986	3.20349808452978e-39	15	7
ENSG00000188582.8	0.788629994578487	3.11462919513446e-39	1	7
ENSG00000107897.18	0.788746512078243	2.98300446155533e-39	9	8
ENSG00000113658.16	0.788799394635986	2.92508857522179e-39	9	8
ENSG00000165527.6	0.788919369812956	2.79777105272713e-39	9	8
ENSG00000151490.13	0.789014458885136	2.70075569051891e-39	1	7
ENSG00000170091.10	0.789182998086651	2.53688029991132e-39	1	8
ENSG00000166851.14	0.789226898950994	2.49582824567335e-39	8	14
ENSG00000172264.16	0.789293458579565	2.43483329863299e-39	1	15
ENSG00000099308.10	0.789340136899016	2.3929361642693e-39	1	8
ENSG00000108352.11	0.789529905542844	2.22979803474141e-39	8	9
ENSG00000122733.12	0.789609602646569	2.16459909662286e-39	1	7
ENSG00000104067.16	0.789641480672711	2.13904941938135e-39	9	18
ENSG00000166913.12	0.789728298843956	2.07096328465978e-39	15	7
ENSG00000141404.15	0.789735407937807	2.06548360826522e-39	1	15
ENSG00000023697.12	0.789842113349919	1.98493154219591e-39	9	8
ENSG00000150093.18	0.789874016653347	1.96145458081145e-39	9	1
ENSG00000214517.9	0.789920948352385	1.92741505140384e-39	7	9
ENSG00000106608.16	0.78992206796889	1.9266101445535e-39	8	9
ENSG00000168824.14	0.790121410754603	1.78845546865201e-39	7	18
ENSG00000110321.16	0.790517520884249	1.54226822988829e-39	9	12
ENSG00000146215.13	0.790568540255661	1.51309276494062e-39	14	8
ENSG00000156858.11	0.790684968147437	1.44853469610905e-39	16	3
ENSG00000167549.18	0.790797166776804	1.38889281107892e-39	14	8
ENSG00000182230.11	0.790822152692769	1.37594407542395e-39	8	14
ENSG00000131591.17	0.790876190674355	1.34834484641854e-39	14	12
ENSG00000064726.9	0.790966419040089	1.30347278221372e-39	12	14
ENSG00000170091.10	0.791124070660537	1.22857503982377e-39	1	7
ENSG00000053770.11	0.79129060617696	1.15406182084098e-39	12	14
ENSG00000178950.16	0.791325118454951	1.13918644986061e-39	14	12
ENSG00000188554.13	0.791325354745547	1.1390852587266e-39	9	12
ENSG00000204052.4	0.791400154400706	1.10749360419275e-39	1	18
ENSG00000170581.13	0.791650510560593	1.00790800296924e-39	27	18
ENSG00000123094.15	0.791680402544677	9.96623999009751e-40	9	8
ENSG00000160460.15	0.791705201995304	9.87356947063031e-40	8	26
ENSG00000188735.12	0.791731502030544	9.77621930154484e-40	8	9
ENSG00000083454.21	0.791783011981915	9.58828647907861e-40	1	9
ENSG00000149582.15	0.791835994013625	9.3986973922306e-40	1	9
ENSG00000156642.16	0.791926749357142	9.08248848879241e-40	1	7
ENSG00000138028.15	0.791975905959823	8.91561881051663e-40	1	9
ENSG00000204371.11	0.792186795791179	8.23334986100154e-40	8	14
ENSG00000241878.11	0.792204405686047	8.17876358733504e-40	1	8
ENSG00000151779.12	0.792214192125538	8.14858240286227e-40	8	9
ENSG00000065978.18	0.792350882557808	7.73832889611429e-40	9	1
ENSG00000183783.6	0.79254204464911	7.19852687244742e-40	1	18
ENSG00000160460.15	0.792590275535052	7.06830338062133e-40	8	9
ENSG00000122515.14	0.792650860862814	6.90800848145249e-40	8	14
ENSG00000183281.14	0.792700011130329	6.78060460080284e-40	8	14
ENSG00000178662.15	0.792834211685152	6.44441358103338e-40	7	15
ENSG00000204592.8	0.792892683812412	6.3031218109564e-40	6	13
ENSG00000110427.14	0.792906195501781	6.27090898174563e-40	1	15
ENSG00000137478.14	0.793356577842157	5.28522329966031e-40	4	9
ENSG00000143502.14	0.793430925585521	5.13790167403159e-40	1	8
ENSG00000135824.12	0.793518724964715	4.96913028435906e-40	1	15
ENSG00000073169.13	0.793568123008127	4.8765895175513e-40	16	3
ENSG00000159164.9	0.793619574741463	4.78200722973462e-40	7	26
ENSG00000019505.7	0.793691194674028	4.65335336687634e-40	19	11
ENSG00000084764.10	0.793712458708757	4.61581693604688e-40	8	7
ENSG00000164896.19	0.79374008166436	4.56750068352778e-40	14	12
ENSG00000021645.18	0.793854420366973	4.37275297823041e-40	7	19
ENSG00000129990.14	0.793898521943402	4.29984395590886e-40	1	8
ENSG00000189241.6	0.793926807981988	4.25371327444612e-40	1	7
ENSG00000138028.15	0.793971530383988	4.18177044967593e-40	1	8
ENSG00000111674.8	0.793974558357064	4.17694306753261e-40	7	1
ENSG00000183785.14	0.793978169179009	4.17119365047445e-40	1	18
ENSG00000142864.14	0.794173517510499	3.8715000099179e-40	9	12
ENSG00000121879.3	0.794180434631448	3.86128657717994e-40	9	12
ENSG00000142686.7	0.794200154585165	3.83231473283549e-40	15	7
ENSG00000117500.12	0.794515830889181	3.39666386860832e-40	9	12
ENSG00000214655.10	0.794630130388995	3.25127669885298e-40	16	14
ENSG00000124194.16	0.795570922783618	2.26578218887114e-40	7	18
ENSG00000134532.15	0.79557339419661	2.26362810360522e-40	9	2
ENSG00000101438.3	0.795596593267261	2.24350591763315e-40	1	15
ENSG00000198315.10	0.79562174310242	2.22189081664557e-40	9	18
ENSG00000166206.14	0.795725231634071	2.13508653172857e-40	1	18
ENSG00000184368.15	0.795761698405335	2.1053023056147e-40	7	1
ENSG00000178467.17	0.796002806534734	1.91842588216919e-40	8	9
ENSG00000143337.18	0.796002888479238	1.91836523554047e-40	2	9
ENSG00000156959.8	0.796117881280005	1.83509508497919e-40	7	9
ENSG00000113100.9	0.796428994133403	1.62724959843499e-40	1	8
ENSG00000076826.9	0.796502917173323	1.58138136956066e-40	8	9
ENSG00000110675.12	0.796631815106071	1.50443049002569e-40	1	7
ENSG00000131374.14	0.796635270625109	1.50241920360087e-40	9	12
ENSG00000124140.13	0.796701503601288	1.46437646744005e-40	1	8
ENSG00000170653.18	0.796732874700903	1.44669049971798e-40	9	8
ENSG00000275052.4	0.796766984470885	1.42769940673308e-40	9	12
ENSG00000169635.9	0.796826008710842	1.39541557682795e-40	8	9
ENSG00000223839.7	0.796841181516064	1.38723359907129e-40	8	14
ENSG00000166073.10	0.796901458669371	1.35519341533211e-40	1	7
ENSG00000170185.9	0.796909950948732	1.35073837854625e-40	9	12
ENSG00000164588.6	0.796993147250019	1.30785000914987e-40	7	19
ENSG00000166167.17	0.797042458002765	1.28306637070289e-40	1	7
ENSG00000143502.14	0.797198270948239	1.20775733815678e-40	1	9
ENSG00000116747.12	0.797241687505985	1.18756048553473e-40	9	12
ENSG00000187730.8	0.797312950019115	1.15512926566804e-40	1	8
ENSG00000116299.16	0.797363375361421	1.13270987591071e-40	1	7
ENSG00000101349.16	0.797853988160117	9.35785580890978e-41	1	7
ENSG00000266967.6	0.797910684366793	9.15327726442074e-41	8	9
ENSG00000143502.14	0.797932003338976	9.07749721131804e-41	1	7
ENSG00000204677.10	0.79816667938588	8.28311552177294e-41	8	14
ENSG00000136267.13	0.798457877080144	7.39212032064524e-41	1	15
ENSG00000273301.1	0.798477364976858	7.33598560033553e-41	7	19
ENSG00000170396.7	0.798682666674001	6.76955623933741e-41	7	19
ENSG00000168539.3	0.798706950825205	6.70547547719703e-41	1	8
ENSG00000124570.17	0.798850511035767	6.33868370653599e-41	6	15
ENSG00000078053.16	0.798881100916329	6.26312183334828e-41	7	19
ENSG00000166448.14	0.799024608260954	5.92032213773478e-41	7	9
ENSG00000114439.18	0.799054652137132	5.85093205272848e-41	9	8
ENSG00000171408.13	0.799112101833148	5.72046934148742e-41	1	15
ENSG00000108018.15	0.799231537856205	5.4583495183291e-41	1	8
ENSG00000012660.13	0.799364376361835	5.18070668478402e-41	9	8
ENSG00000163462.17	0.799399984315592	5.10867985139592e-41	8	14
ENSG00000072201.13	0.799405119855014	5.09837358685555e-41	1	15
ENSG00000115657.12	0.79954138144665	4.83227899793823e-41	14	12
ENSG00000172375.12	0.79966794487484	4.59740895712515e-41	1	9
ENSG00000220201.7	0.799730606459256	4.48532573498273e-41	14	8
ENSG00000178171.10	0.799747539005917	4.45550344070724e-41	7	1
ENSG00000273079.5	0.799801817548538	4.36121707085405e-41	1	15
ENSG00000149575.5	0.800097475545026	3.88114064225202e-41	1	7
ENSG00000084093.16	0.800121121183084	3.8450770276379e-41	9	8
ENSG00000070759.16	0.800139052171102	3.81794961244568e-41	9	4
ENSG00000106976.20	0.80024484700177	3.66169233087731e-41	7	9
ENSG00000067221.13	0.800358206938289	3.50125437366708e-41	7	18
ENSG00000170579.16	0.800457018733047	3.36707224672511e-41	1	15
ENSG00000155256.17	0.800521265265357	3.28256081999345e-41	8	9
ENSG00000102290.22	0.800544573303313	3.25242059270148e-41	1	7
ENSG00000171680.21	0.800565865622935	3.22512544108356e-41	8	9
ENSG00000104936.17	0.800584406914929	3.20154089190314e-41	16	14
ENSG00000123570.3	0.800686757813611	3.07437735760314e-41	1	15
ENSG00000008300.16	0.800696922480907	3.06202361952547e-41	8	26
ENSG00000177192.13	0.800708732939004	3.04773109475658e-41	8	12
ENSG00000012174.11	0.800992583456699	2.72333725467908e-41	12	14
ENSG00000109738.10	0.800994178440666	2.72161424404835e-41	15	7
ENSG00000163807.5	0.801295030375815	2.41511110810168e-41	12	14
ENSG00000198720.12	0.801383654794919	2.33149577250977e-41	14	8
ENSG00000182325.10	0.80150837027779	2.21864242468727e-41	16	14
ENSG00000080371.5	0.80151224664294	2.21522243346004e-41	9	12
ENSG00000139631.18	0.801514701853773	2.21305896900839e-41	16	27
ENSG00000106780.8	0.801549318895184	2.18277615486131e-41	9	8
ENSG00000130590.13	0.801567988633683	2.16661388249152e-41	8	9
ENSG00000176749.8	0.801654239587694	2.09346514595302e-41	7	19
ENSG00000008282.8	0.801779139475908	1.99183414167636e-41	9	1
ENSG00000185009.12	0.801854866410704	1.93259983453709e-41	9	12
ENSG00000144406.18	0.801971184649697	1.84498029857896e-41	1	7
ENSG00000146112.11	0.802003402149851	1.82141208734894e-41	5	6
ENSG00000176204.13	0.802238937544062	1.65789487894433e-41	7	15
ENSG00000132475.10	0.802293452941245	1.6221611424334e-41	9	6
ENSG00000138757.14	0.802307715959712	1.61293800712808e-41	3	15
ENSG00000173611.17	0.802444877508395	1.52684029733985e-41	1	7
ENSG00000049245.12	0.802542717058036	1.4682096572841e-41	4	1
ENSG00000105278.10	0.802923806849879	1.26025844591821e-41	8	26
ENSG00000196277.15	0.802969117459908	1.23755262014254e-41	7	19
ENSG00000124570.17	0.803014430657004	1.21524886669696e-41	6	7
ENSG00000185274.11	0.803081238335343	1.18308613634121e-41	1	7
ENSG00000184368.15	0.803275204372615	1.09438540864507e-41	7	15
ENSG00000165732.12	0.803283907125734	1.09056316146037e-41	9	8
ENSG00000143590.13	0.803632734246214	9.47728869887599e-42	1	8
ENSG00000164209.16	0.803672937736693	9.32501671680938e-42	3	12
ENSG00000084764.10	0.803727238193731	9.12317412195507e-42	8	9
ENSG00000135740.16	0.803793130245589	8.88402055254121e-42	1	8
ENSG00000110315.6	0.803948610288766	8.34393018468832e-42	9	8
ENSG00000141556.20	0.804139585930168	7.72466690342163e-42	8	14
ENSG00000125895.5	0.804566592027123	6.4992469696891e-42	8	9
ENSG00000104765.15	0.80461655866767	6.36902212952854e-42	9	14
ENSG00000154096.13	0.804715408981663	6.1189263083296e-42	1	7
ENSG00000186487.17	0.804897583755119	5.68311694507714e-42	1	7
ENSG00000175471.19	0.804900854814825	5.67557820672531e-42	1	15
ENSG00000154277.12	0.805044104009898	5.3549280645386e-42	7	26
ENSG00000186522.14	0.805329087381261	4.76919848392639e-42	9	1
ENSG00000153233.12	0.805370746764018	4.68904366320857e-42	7	19
ENSG00000083937.8	0.805429289530489	4.57864414363403e-42	12	14
ENSG00000067606.16	0.805856609830845	3.84681850343537e-42	7	1
ENSG00000253230.8	0.805894523198336	3.78775600131471e-42	8	14
ENSG00000120063.9	0.805904410921969	3.7725001680192e-42	9	8
ENSG00000151948.11	0.805918853138133	3.75032596395578e-42	1	18
ENSG00000176454.13	0.80601996234515	3.59864331409667e-42	8	9
ENSG00000169718.17	0.806068897991691	3.52741862577127e-42	14	12
ENSG00000138768.14	0.806079163767425	3.51265431309604e-42	9	12
ENSG00000154832.14	0.806083435480737	3.50652866742738e-42	16	14
ENSG00000169813.16	0.806108890466744	3.47024389362609e-42	9	6
ENSG00000184368.15	0.806179131417423	3.37202776953285e-42	7	18
ENSG00000167371.17	0.806567762924676	2.87614456752332e-42	1	8
ENSG00000136153.19	0.806658578018144	2.77105706898574e-42	1	8
ENSG00000188573.7	0.806762426915104	2.6555206504751e-42	7	26
ENSG00000272031.2	0.806812972334483	2.60101789131611e-42	1	7
ENSG00000142864.14	0.806904690501179	2.50492030189361e-42	9	8
ENSG00000144959.9	0.806914272934535	2.49508456144625e-42	1	15
ENSG00000165732.12	0.807200356552051	2.21834754206415e-42	9	12
ENSG00000198598.6	0.807276056764706	2.15033195210728e-42	8	14
ENSG00000261115.5	0.807509025011693	1.95365277736395e-42	7	15
ENSG00000147533.16	0.807513281718508	1.95022935298797e-42	4	9
ENSG00000188582.8	0.807636005973216	1.85403263668727e-42	1	18
ENSG00000067715.13	0.807772259406728	1.75270465795653e-42	7	19
ENSG00000075461.5	0.807933393625622	1.63990140208712e-42	8	1
ENSG00000110675.12	0.807987474787876	1.60366990941554e-42	1	15
ENSG00000174292.12	0.808084364845383	1.54072144935738e-42	1	8
ENSG00000049245.12	0.808162999364832	1.49142938674753e-42	4	9
ENSG00000197562.9	0.808289621364151	1.41530422534825e-42	1	8
ENSG00000135974.9	0.80833606134881	1.38835551035067e-42	9	8
ENSG00000102003.10	0.80838400630712	1.36106420449835e-42	7	26
ENSG00000102024.17	0.808691928913159	1.19797019597748e-42	4	9
ENSG00000018510.13	0.808859456850871	1.11749396376298e-42	9	12
ENSG00000040933.15	0.80896103129655	1.07132068626792e-42	1	15
ENSG00000266412.5	0.809370123922703	9.03651951103098e-43	9	8
ENSG00000166448.14	0.809642827710141	8.06542883546368e-43	7	8
ENSG00000165684.4	0.809759931984973	7.68070317113711e-43	8	9
ENSG00000159753.13	0.809910984904072	7.21106127127747e-43	8	9
ENSG00000160460.15	0.810051942871167	6.79839740841029e-43	8	14
ENSG00000008118.9	0.810276715166022	6.1880261845863e-43	1	8
ENSG00000131398.13	0.810555229209791	5.50622630694681e-43	8	9
ENSG00000169871.12	0.810749262287788	5.07556627940914e-43	9	7
ENSG00000009844.15	0.810871889727378	4.82070068313561e-43	3	12
ENSG00000118855.18	0.811212273020901	4.17752404458612e-43	9	8
ENSG00000004059.10	0.81122834973071	4.14933476599106e-43	7	9
ENSG00000109458.8	0.811313663010549	4.00285335588888e-43	9	4
ENSG00000157064.10	0.811456704432055	3.76861013240431e-43	1	15
ENSG00000151136.14	0.811549268256589	3.6242857369736e-43	7	19
ENSG00000165300.7	0.811556708968486	3.61292376120629e-43	1	7
ENSG00000162951.10	0.811644759752542	3.48110760063073e-43	1	8
ENSG00000126950.7	0.811875384241412	3.15790777483139e-43	7	19
ENSG00000142235.8	0.811883209401077	3.14747693949957e-43	1	9
ENSG00000101266.17	0.81194068617917	3.07189517954269e-43	12	3
ENSG00000113578.17	0.81197893189706	3.0225965907263e-43	4	9
ENSG00000184014.7	0.812071537759696	2.90643562037562e-43	4	9
ENSG00000181704.11	0.812237330357193	2.70936251165761e-43	9	12
ENSG00000075340.22	0.812286707950645	2.65325774080574e-43	1	18
ENSG00000186487.17	0.812353989001947	2.57865002786166e-43	1	15
ENSG00000260977.1	0.812461859745631	2.46332678563613e-43	1	8
ENSG00000008282.8	0.812529050972189	2.39407940306663e-43	9	8
ENSG00000109072.13	0.812544715374788	2.37821356795271e-43	8	14
ENSG00000064042.17	0.812863511931262	2.0769328222646e-43	4	9
ENSG00000242866.9	0.812907774101931	2.03819499668905e-43	8	14
ENSG00000170500.12	0.813247040573934	1.76400380610908e-43	1	7
ENSG00000144848.10	0.813349125666817	1.68886199473056e-43	9	8
ENSG00000241878.11	0.813758225671368	1.41812797091828e-43	1	9
ENSG00000186469.8	0.813848091382597	1.36465325718304e-43	11	19
ENSG00000006555.10	0.813935493859596	1.31455297388822e-43	1	8
ENSG00000177679.15	0.813944252299026	1.30963362322519e-43	8	9
ENSG00000165684.4	0.814255879222575	1.14593353633938e-43	8	14
ENSG00000099365.10	0.814770224710897	9.18768628872021e-44	7	1
ENSG00000087085.13	0.815687177775963	6.18587799926365e-44	7	26
ENSG00000153443.12	0.815724017821474	6.08805841774707e-44	1	9
ENSG00000079308.16	0.816078665221451	5.22105534328585e-44	13	18
ENSG00000180370.10	0.816148829201365	5.06455309586438e-44	9	8
ENSG00000111674.8	0.816177509847066	5.00192036502816e-44	7	9
ENSG00000065609.14	0.816462586366923	4.41944551751628e-44	7	19
ENSG00000215788.9	0.816465048363337	4.41471847235294e-44	14	8
ENSG00000135333.13	0.817455416204381	2.86665229251658e-44	1	15
ENSG00000156273.15	0.817644414641486	2.63911558212271e-44	9	8
ENSG00000261236.7	0.81803154060016	2.22720463091534e-44	8	9
ENSG00000105376.4	0.818038704203671	2.22021336395742e-44	1	8
ENSG00000110811.19	0.818069665941676	2.19024452067957e-44	14	8
ENSG00000126583.10	0.818200567553916	2.06788764528748e-44	1	8
ENSG00000166922.8	0.81831542942769	1.96609192095337e-44	7	18
ENSG00000178171.10	0.818319017825022	1.96299263057863e-44	7	18
ENSG00000165943.4	0.81956628089701	1.1320141241581e-44	7	15
ENSG00000158106.13	0.819589383503026	1.12048562459061e-44	14	12
ENSG00000160014.16	0.819748876995888	1.04399430719302e-44	1	15
ENSG00000105409.16	0.819885230149288	9.82700617203548e-45	7	26
ENSG00000169032.9	0.820085636063448	8.99001106891264e-45	1	15
ENSG00000108963.17	0.820170443479557	8.65735537942964e-45	14	8
ENSG00000171435.13	0.820260179205563	8.31858179215946e-45	1	7
ENSG00000164715.5	0.820337541824943	8.03703619989645e-45	1	15
ENSG00000128683.13	0.820511156071788	7.43895544198341e-45	7	19
ENSG00000103723.12	0.820812683381235	6.50276677631887e-45	8	14
ENSG00000172375.12	0.820837751856717	6.43038260781479e-45	1	8
ENSG00000115657.12	0.820984098648499	6.02339832158845e-45	14	8
ENSG00000044115.20	0.821058496967551	5.82634723855919e-45	9	26
ENSG00000145214.13	0.821484709798403	4.81407936156042e-45	8	14
ENSG00000255529.7	0.821504602952524	4.77132882490506e-45	9	12
ENSG00000082458.11	0.821676454062814	4.41726869051359e-45	1	7
ENSG00000154370.15	0.821892415288414	4.00887264771873e-45	8	14
ENSG00000183775.10	0.822152102302797	3.56684949807257e-45	1	15
ENSG00000169032.9	0.822321062386629	3.3054385772831e-45	1	7
ENSG00000061918.12	0.822431028228338	3.14554799369748e-45	7	15
ENSG00000140983.13	0.822436573871722	3.13768983900734e-45	16	14
ENSG00000168615.11	0.822572066662947	2.95159890150238e-45	9	8
ENSG00000187672.12	0.822633968084238	2.87024471808592e-45	7	19
ENSG00000133895.14	0.822855940642632	2.59628807268828e-45	8	14
ENSG00000116473.14	0.822948363530034	2.48997681408928e-45	9	8
ENSG00000170419.10	0.822954916743639	2.48260396864671e-45	7	19
ENSG00000116747.12	0.823109225344473	2.31508467080679e-45	9	8
ENSG00000215218.3	0.823540098384592	1.90410582762533e-45	7	19
ENSG00000135974.9	0.823725223963152	1.75046351848317e-45	9	12
ENSG00000135932.10	0.823814620731618	1.68071324216857e-45	12	3
ENSG00000131089.15	0.82386397168979	1.643389678737e-45	1	7
ENSG00000163462.17	0.824117400799099	1.46422631996515e-45	8	9
ENSG00000116731.22	0.824238677267535	1.38544507121088e-45	1	8
ENSG00000128159.11	0.824451114351664	1.25739428021256e-45	16	14
ENSG00000131067.16	0.824484024451847	1.23863012836583e-45	8	26
ENSG00000077080.9	0.824747391882934	1.09808656328439e-45	1	7
ENSG00000089050.15	0.825052027228681	9.5505070780332e-46	9	12
ENSG00000145428.14	0.825814099412447	6.72804760330363e-46	1	7
ENSG00000117600.12	0.825855843277772	6.5998502436111e-46	1	7
ENSG00000163565.18	0.825858147874559	6.59284331615478e-46	5	6
ENSG00000168096.14	0.826000949995007	6.17268115639887e-46	16	14
ENSG00000147416.10	0.826310875555283	5.34952620645813e-46	7	19
ENSG00000162650.16	0.826413502751464	5.10158675567534e-46	14	8
ENSG00000102385.12	0.826421489990563	5.08277255319097e-46	1	9
ENSG00000170142.11	0.826464809524125	4.98191767463061e-46	9	8
ENSG00000135454.13	0.826553453307131	4.78165186015967e-46	1	8
ENSG00000091527.15	0.826596143941535	4.6880577115071e-46	9	8
ENSG00000180628.14	0.82683458384906	4.19758894096236e-46	9	8
ENSG00000141556.20	0.826921311994735	4.03204249566286e-46	8	12
ENSG00000139973.16	0.827273646360415	3.42320775085316e-46	1	15
ENSG00000124574.14	0.827310441334792	3.36511341050018e-46	16	14
ENSG00000205629.11	0.827328399699874	3.33711370708925e-46	7	18
ENSG00000101224.17	0.827492289583359	3.09197325490846e-46	8	14
ENSG00000145391.13	0.827577984087171	2.97095503891799e-46	9	8
ENSG00000139200.13	0.82767075383212	2.84520795834178e-46	1	9
ENSG00000166111.9	0.827757304730114	2.73263032507295e-46	1	18
ENSG00000107362.13	0.828076583535163	2.35406233589082e-46	9	4
ENSG00000077152.9	0.828180984672414	2.24187875567641e-46	7	18
ENSG00000166619.12	0.828744676602069	1.72134544031267e-46	1	8
ENSG00000105696.8	0.829099289226483	1.45703090535416e-46	8	9
ENSG00000127561.14	0.829232960707451	1.36815261027987e-46	7	26
ENSG00000120899.17	0.829489464528705	1.21231658538054e-46	1	8
ENSG00000077080.9	0.829596593525039	1.15253922362572e-46	1	18
ENSG00000125895.5	0.830496582864074	7.52593687029192e-47	8	14
ENSG00000169933.13	0.83079768528141	6.5221598036262e-47	1	15
ENSG00000082153.17	0.831091023062297	5.67162471862696e-47	9	14
ENSG00000177192.13	0.831334759240782	5.04889046287185e-47	8	14
ENSG00000185742.6	0.831427037161924	4.83115867802664e-47	1	7
ENSG00000119946.10	0.831432517358787	4.81852343506621e-47	1	8
ENSG00000171462.14	0.831448328392611	4.78225159823455e-47	8	9
ENSG00000169933.13	0.831705797075577	4.22811886867285e-47	1	7
ENSG00000073169.13	0.832114479662525	3.47586771186575e-47	16	12
ENSG00000169635.9	0.832159956551574	3.40080081440649e-47	8	14
ENSG00000171450.5	0.8322691911454	3.22696229309743e-47	7	1
ENSG00000152413.14	0.83232413589453	3.14286494632218e-47	1	15
ENSG00000136928.6	0.832725064450538	2.59129621919994e-47	19	11
ENSG00000101438.3	0.833579099338956	1.71494199174437e-47	1	7
ENSG00000170153.10	0.834198893148789	1.26914831669317e-47	1	15
ENSG00000133627.17	0.834449311532258	1.12340599874674e-47	1	15
ENSG00000077080.9	0.834525377145344	1.08249932609348e-47	1	8
ENSG00000128245.14	0.834707045075329	9.90651822405651e-48	7	19
ENSG00000151239.13	0.834906777131496	8.98527875840099e-48	9	12
ENSG00000136451.8	0.835088049284573	8.22263057086964e-48	9	8
ENSG00000072133.10	0.835868144199978	5.60664953856247e-48	1	7
ENSG00000197586.12	0.836539106741499	4.02682100320803e-48	1	9
ENSG00000204314.10	0.836641364368092	3.82823325182794e-48	8	9
ENSG00000067560.10	0.836755142207869	3.61861345816676e-48	9	1
ENSG00000183166.10	0.836894477249249	3.37727891854271e-48	1	15
ENSG00000106976.20	0.836918577093409	3.33717855510712e-48	7	8
ENSG00000144290.16	0.837160304021645	2.96006309336586e-48	7	15
ENSG00000154370.15	0.837175811918445	2.93735869691308e-48	8	12
ENSG00000067842.17	0.837247000144801	2.83532001032452e-48	1	7
ENSG00000139970.16	0.83777919104827	2.17558647000038e-48	7	19
ENSG00000165572.7	0.837941169829796	2.00670841681543e-48	7	19
ENSG00000106976.20	0.837952013678886	1.99587626560022e-48	7	26
ENSG00000104866.10	0.837985778573879	1.96251583861086e-48	8	9
ENSG00000141447.17	0.83824360608939	1.72527779259446e-48	4	9
ENSG00000198216.10	0.83826574787166	1.70627569815765e-48	1	8
ENSG00000188191.14	0.838525408241554	1.49826749930549e-48	7	26
ENSG00000239789.5	0.838988257900038	1.18768179435285e-48	1	18
ENSG00000130643.8	0.840044398174546	6.97088679111602e-49	8	26
ENSG00000149575.5	0.840342450459338	5.99345269883355e-49	1	15
ENSG00000175866.15	0.84040863975686	5.79546635610191e-49	1	8
ENSG00000164535.14	0.84063838958947	5.1570083822786e-49	8	9
ENSG00000139323.13	0.840762716721741	4.84098292320294e-49	9	8
ENSG00000112232.8	0.841447597522202	3.41363473344079e-49	1	7
ENSG00000156011.16	0.842009890352272	2.55927496201263e-49	1	15
ENSG00000142046.14	0.842117406894944	2.42181359892718e-49	1	8
ENSG00000134352.19	0.842474030462093	2.01597375106791e-49	9	8
ENSG00000164076.16	0.842868809705767	1.64465638761376e-49	1	8
ENSG00000131089.15	0.842889419004205	1.62724551497246e-49	1	15
ENSG00000073969.18	0.843607970012412	1.12172003018685e-49	1	15
ENSG00000177679.15	0.844850186975852	5.86998051550649e-50	8	14
ENSG00000070367.15	0.845295705979634	4.64692137001684e-50	9	12
ENSG00000100416.12	0.845358401215934	4.49635046071134e-50	16	14
ENSG00000188021.8	0.845391912499409	4.41785317499958e-50	1	7
ENSG00000260230.2	0.846483433480281	2.48356586643603e-50	1	7
ENSG00000100604.12	0.848038522819657	1.08473251741892e-50	26	19
ENSG00000077080.9	0.848080467706765	1.0606288291616e-50	1	9
ENSG00000221978.11	0.848660007791429	7.76999026403654e-51	16	27
ENSG00000105409.16	0.848708388122506	7.57029969652208e-51	7	19
ENSG00000103174.11	0.848739711077898	7.44372284327506e-51	1	8
ENSG00000135423.12	0.84920466446777	5.79288674904538e-51	1	9
ENSG00000183283.15	0.849608789088734	4.65530098695911e-51	9	8
ENSG00000124493.13	0.849971074338146	3.82466242459193e-51	1	8
ENSG00000181215.14	0.850154368519316	3.4619678310563e-51	1	8
ENSG00000167193.7	0.85030760600502	3.18496010396428e-51	9	12
ENSG00000166206.14	0.85040522054878	3.02002690683075e-51	1	7
ENSG00000124333.15	0.850617092067472	2.69048496602113e-51	9	8
ENSG00000130822.15	0.85067997964517	2.59968744916754e-51	1	9
ENSG00000105726.16	0.850967010261267	2.22220706185223e-51	16	14
ENSG00000157152.16	0.851798125128311	1.4082500399945e-51	1	7
ENSG00000197586.12	0.851867271072524	1.35563731982134e-51	1	8
ENSG00000149243.15	0.852292747964918	1.07202514451104e-51	1	8
ENSG00000109046.14	0.852864094962041	7.81291118611954e-52	18	27
ENSG00000083454.21	0.853097409732004	6.86341368647384e-52	1	8
ENSG00000198915.11	0.853719161343912	4.85404825129923e-52	1	7
ENSG00000082153.17	0.853917655371609	4.34440799911428e-52	9	8
ENSG00000237515.8	0.853926505179709	4.32295924078556e-52	1	7
ENSG00000166105.15	0.854518988973464	3.10136970921924e-52	1	8
ENSG00000084733.10	0.854824740549953	2.61140547886538e-52	9	12
ENSG00000102901.12	0.854858533990898	2.56218106911036e-52	16	14
ENSG00000183317.16	0.855018425191464	2.34141578120044e-52	8	9
ENSG00000183023.18	0.855550143429789	1.73383884575026e-52	1	15
ENSG00000169169.14	0.855805828887643	1.49997464680196e-52	8	14
ENSG00000149582.15	0.856184155423498	1.20991189024751e-52	1	8
ENSG00000108469.14	0.856266593220301	1.15446705579988e-52	16	14
ENSG00000101367.8	0.856336088612521	1.10968015854564e-52	9	8
ENSG00000185774.14	0.85636598368299	1.09094550661934e-52	1	7
ENSG00000103723.12	0.856600553252612	9.54382354368723e-53	8	26
ENSG00000003756.16	0.85727525369418	6.48761804474873e-53	16	27
ENSG00000154370.15	0.858001974212945	4.27126699192689e-53	8	9
ENSG00000139973.16	0.858876011045545	2.57565678351929e-53	1	7
ENSG00000260230.2	0.85891427392745	2.51905572636571e-53	1	15
ENSG00000060709.14	0.859013852609233	2.37744170981452e-53	7	19
ENSG00000104907.12	0.859121693031982	2.23293175578799e-53	16	14
ENSG00000241973.10	0.859170234247743	2.17074735165855e-53	1	8
ENSG00000145428.14	0.859380603935001	1.92042168010999e-53	1	18
ENSG00000154174.7	0.859480137770119	1.81213082872639e-53	1	15
ENSG00000124795.14	0.861492413177966	5.5511432083702e-54	9	8
ENSG00000123570.3	0.862128435852245	3.80449991114676e-54	1	7
ENSG00000077147.14	0.862215572134897	3.61205022651694e-54	9	12
ENSG00000197872.11	0.863129905696104	2.09056177486897e-54	1	15
ENSG00000102003.10	0.863196248105406	2.00892761831742e-54	7	19
ENSG00000149243.15	0.863838672636297	1.36452496597923e-54	1	9
ENSG00000142046.14	0.866249043179826	3.1403547427192e-55	1	9
ENSG00000067560.10	0.866255537819838	3.12782822056579e-55	9	8
ENSG00000135423.12	0.866321565171999	3.00324426116399e-55	1	8
ENSG00000100744.14	0.866552232537644	2.60524354297906e-55	1	15
ENSG00000135316.17	0.867614680257516	1.34886608810378e-55	9	8
ENSG00000142235.8	0.868914903578655	5.98027009265897e-56	1	8
ENSG00000104765.15	0.87096014357761	1.63435705089187e-56	9	8
ENSG00000082153.17	0.873542508852144	3.07697407574685e-57	9	12
ENSG00000063015.19	0.874106394634027	2.12640037327457e-57	1	8
ENSG00000176978.13	0.875631012019288	7.75979077745333e-58	16	14
ENSG00000130822.15	0.876065402358648	5.80843210060685e-58	1	8
ENSG00000157064.10	0.877538767208051	2.15699706138034e-58	1	7
ENSG00000006740.16	0.877563793926058	2.12077259449702e-58	1	7
ENSG00000075340.22	0.878655941017682	1.0090859395005e-58	1	7
ENSG00000162931.11	0.880472520704582	2.88701558510664e-59	1	8
ENSG00000073169.13	0.88110649077268	1.85650288273892e-59	16	14
ENSG00000102385.12	0.88272039264703	5.96443345035654e-60	1	8
ENSG00000178974.9	0.882954605178938	5.05130316329626e-60	1	15
ENSG00000151948.11	0.884034223691827	2.33745767982219e-60	1	7
ENSG00000172915.18	0.886798184339503	3.13751819996457e-61	1	15
ENSG00000139200.13	0.888681941611236	7.74575943013571e-62	1	8
ENSG00000266412.5	0.888866408423147	6.74504330255773e-62	9	12
ENSG00000136531.15	0.889195917138915	5.26504337625372e-62	1	7
ENSG00000073969.18	0.893788460422852	1.53294664923977e-63	1	7
ENSG00000132879.13	0.906152943218167	4.70760481212612e-68	1	9
ENSG00000166111.9	0.918090071174808	4.76644354621709e-73	1	7
ENSG00000132879.13	0.919073582817069	1.71059237339236e-73	1	8
