gene	corr	pvalue	gene_mod	pc_mod
ENSG00000167978.16	0.770876148534628	4.28629003921158e-22	11	12
ENSG00000169021.5	0.770896752431358	4.26876421955014e-22	6	25
ENSG00000206190.11	0.770906357759292	4.26061774665748e-22	21	20
ENSG00000159363.17	0.770912425669422	4.25547924042707e-22	8	2
ENSG00000005513.9	0.77092652569458	4.24356218661442e-22	9	12
ENSG00000130962.17	0.770927049971495	4.24311970618035e-22	9	5
ENSG00000106976.20	0.770970637599541	4.20648936218023e-22	8	7
ENSG00000164061.4	0.770993204944278	4.18764540084984e-22	2	28
ENSG00000004534.14	0.771047071218434	4.14299844503642e-22	11	6
ENSG00000183837.9	0.771057727004488	4.13422154354794e-22	8	28
ENSG00000198625.12	0.77115470087367	4.05517501230201e-22	11	12
ENSG00000088538.12	0.77116144538534	4.04973246544336e-22	8	2
ENSG00000175182.14	0.771162980468329	4.04849471074828e-22	2	8
ENSG00000184207.8	0.771228781781333	3.99578359267091e-22	2	8
ENSG00000182979.17	0.771232641584421	3.99271249565411e-22	11	7
ENSG00000170846.16	0.771246708080892	3.981539780667e-22	15	3
ENSG00000115808.11	0.771406871011836	3.85645490213402e-22	9	5
ENSG00000104852.14	0.771475114440633	3.80432903242057e-22	11	7
ENSG00000204278.12	0.771493139960041	3.79067577546643e-22	9	12
ENSG00000085276.17	0.771612189352331	3.70169467470463e-22	21	20
ENSG00000058673.16	0.77167069390103	3.65871590576225e-22	11	12
ENSG00000074317.10	0.771713173150871	3.62781483905773e-22	8	28
ENSG00000137962.12	0.771715050437463	3.62645511252874e-22	20	21
ENSG00000008056.13	0.771800657016057	3.56497488479224e-22	8	28
ENSG00000173120.14	0.771854933155044	3.52652275437386e-22	11	25
ENSG00000092148.12	0.771874906610747	3.51247447949501e-22	11	25
ENSG00000165795.23	0.771957260434381	3.45512499971528e-22	1	18
ENSG00000176490.4	0.77197101482959	3.44563608610513e-22	2	3
ENSG00000165102.14	0.771974331524772	3.4433517602422e-22	11	7
ENSG00000084731.14	0.772046477133466	3.39402617500739e-22	2	3
ENSG00000254999.3	0.772083518264693	3.36896958001879e-22	6	15
ENSG00000170248.13	0.772234351035627	3.26878705601624e-22	11	12
ENSG00000159082.17	0.772271868904679	3.24432233890528e-22	3	8
ENSG00000135900.3	0.772320333030622	3.21298378563406e-22	6	11
ENSG00000197586.12	0.772359524236497	3.18785735573618e-22	8	2
ENSG00000154146.12	0.772389349102127	3.16886433996387e-22	2	8
ENSG00000100209.9	0.77241018700784	3.15565987656561e-22	25	11
ENSG00000126777.17	0.772537712413671	3.07601078022415e-22	5	2
ENSG00000160014.16	0.772588340848082	3.04493590271662e-22	2	8
ENSG00000165434.7	0.772648643114778	3.00832249305374e-22	3	8
ENSG00000198911.11	0.772693353121387	2.98145352019749e-22	2	28
ENSG00000154783.11	0.772702555219981	2.97595251313944e-22	20	21
ENSG00000113387.11	0.772795321977351	2.92104625816876e-22	6	11
ENSG00000104324.15	0.772952640121078	2.8301824775258e-22	28	8
ENSG00000106400.11	0.77296591058074	2.82264497286073e-22	25	6
ENSG00000135905.18	0.773013428353882	2.79581541526236e-22	12	9
ENSG00000197586.12	0.773066754630365	2.76600219859473e-22	8	7
ENSG00000213246.6	0.773074508049634	2.761693363416e-22	6	25
ENSG00000183495.13	0.7730901521539	2.75301931756903e-22	11	6
ENSG00000241973.10	0.77313975578958	2.72569124744663e-22	8	13
ENSG00000214548.14	0.773140192543898	2.72545180514743e-22	7	11
ENSG00000052841.14	0.773188777024729	2.69894387433674e-22	11	6
ENSG00000171735.18	0.773205667885846	2.68978713765532e-22	16	28
ENSG00000136531.15	0.773222106900921	2.68090443016428e-22	8	3
ENSG00000213949.8	0.773232769236792	2.67515840377728e-22	20	27
ENSG00000128284.19	0.773265301454297	2.65770059186131e-22	20	21
ENSG00000117394.20	0.773268659389596	2.6559049531561e-22	20	21
ENSG00000172350.9	0.773295208762179	2.64174938486293e-22	8	2
ENSG00000005075.15	0.773481383474374	2.54453022189498e-22	25	16
ENSG00000173120.14	0.773645644308042	2.4616566746485e-22	11	6
ENSG00000109458.8	0.773702350716203	2.43366248197625e-22	9	5
ENSG00000106299.7	0.773834200449489	2.36976647557054e-22	15	3
ENSG00000140750.16	0.773845539775745	2.36434829567341e-22	11	6
ENSG00000172375.12	0.773947176213828	2.31632023455199e-22	8	2
ENSG00000175220.11	0.773969168487893	2.30605368031343e-22	12	11
ENSG00000278041.1	0.774010012045619	2.28710441095701e-22	12	11
ENSG00000158863.21	0.77403418968811	2.27595885458333e-22	11	6
ENSG00000237289.9	0.774140517621918	2.22756830312611e-22	8	28
ENSG00000082438.15	0.774183143383187	2.20845192695065e-22	21	27
ENSG00000278259.4	0.774209121388916	2.1968800909312e-22	11	6
ENSG00000164715.5	0.77424798034967	2.1796807114492e-22	8	28
ENSG00000171456.16	0.77445986554386	2.08818217705345e-22	11	6
ENSG00000163660.11	0.774483862260192	2.07805875738154e-22	11	6
ENSG00000165704.14	0.774549591004618	2.05057431589101e-22	3	15
ENSG00000079805.16	0.774552515204439	2.04935983133065e-22	12	15
ENSG00000149091.15	0.774557503627674	2.04728964732138e-22	2	28
ENSG00000169045.17	0.774763156576922	1.96369577114749e-22	11	6
ENSG00000161904.11	0.774763767761413	1.96345236556918e-22	11	12
ENSG00000144712.11	0.774802977371308	1.9478983598916e-22	8	7
ENSG00000117592.8	0.774824041445578	1.93959213973991e-22	1	16
ENSG00000169021.5	0.774857513312939	1.92646410976828e-22	6	12
ENSG00000149294.16	0.774858893218016	1.92592475904603e-22	11	6
ENSG00000132780.16	0.775037565592929	1.85731805501688e-22	12	11
ENSG00000135164.18	0.775058421971165	1.84946659409741e-22	11	25
ENSG00000175854.11	0.775063665783787	1.8474976366217e-22	25	7
ENSG00000177169.9	0.775126825059904	1.82394237998894e-22	2	7
ENSG00000116560.10	0.775131438619284	1.82223327224555e-22	11	12
ENSG00000100836.10	0.77515169550816	1.81474749948542e-22	11	7
ENSG00000117868.15	0.775257577206129	1.77610494219357e-22	20	21
ENSG00000105223.19	0.775389647908465	1.72902733439492e-22	8	28
ENSG00000137509.10	0.775422175196512	1.7176207275729e-22	1	16
ENSG00000111639.7	0.775424953011954	1.71665001518708e-22	6	7
ENSG00000125814.17	0.775539221011406	1.67717899733049e-22	3	2
ENSG00000154917.10	0.775582226224005	1.66255422832809e-22	2	3
ENSG00000146425.10	0.775637718023553	1.64386672668089e-22	28	2
ENSG00000198169.8	0.775694310612273	1.62501944774979e-22	11	7
ENSG00000105723.11	0.775701324984586	1.62269814296744e-22	2	8
ENSG00000185608.8	0.77572221915799	1.61580265671449e-22	25	11
ENSG00000103249.17	0.77572880652112	1.6136346259063e-22	7	6
ENSG00000166086.12	0.775837806010452	1.57816969836557e-22	9	12
ENSG00000137168.7	0.775861710494528	1.57049414705208e-22	6	11
ENSG00000108773.10	0.775924363531967	1.55054898703072e-22	11	7
ENSG00000163995.19	0.775954570773436	1.54102115355136e-22	2	8
ENSG00000153902.13	0.775993096148433	1.52895242553545e-22	1	18
ENSG00000176894.9	0.776068969009804	1.50545276806651e-22	16	25
ENSG00000172264.16	0.77608353120061	1.50098295190283e-22	3	15
ENSG00000108309.13	0.776088015004869	1.49960926978747e-22	2	8
ENSG00000132639.12	0.776101113578274	1.49560333646917e-22	3	2
ENSG00000137033.11	0.776231177064988	1.45638786563855e-22	1	16
ENSG00000111077.17	0.776236208177823	1.45489124548515e-22	11	12
ENSG00000100321.14	0.776298653823553	1.43643967514628e-22	8	28
ENSG00000002933.7	0.776385825511654	1.41106298982851e-22	1	28
ENSG00000135778.11	0.776392538168147	1.40912708202391e-22	6	11
ENSG00000116329.10	0.776406204350238	1.40519379812043e-22	2	8
ENSG00000110801.13	0.776415953345814	1.40239446787057e-22	6	25
ENSG00000106153.12	0.776420226195583	1.40116927425189e-22	6	16
ENSG00000138795.9	0.776563763249479	1.36061240188196e-22	21	20
ENSG00000188185.11	0.776603245831057	1.34965864008329e-22	11	6
ENSG00000114554.11	0.776611832513743	1.34728781836607e-22	8	28
ENSG00000165832.5	0.776723418393401	1.31684518335339e-22	15	3
ENSG00000059378.12	0.776745211337944	1.31097844181622e-22	21	20
ENSG00000158008.9	0.776757666468004	1.30763692460482e-22	2	8
ENSG00000137168.7	0.776919405341845	1.26499163264339e-22	6	7
ENSG00000147669.10	0.776989786248398	1.24686065453785e-22	6	11
ENSG00000273079.5	0.777010618993593	1.2415426486696e-22	8	3
ENSG00000245526.10	0.777160577238314	1.20390961560382e-22	1	16
ENSG00000239467.5	0.777191012991234	1.19640846332002e-22	6	16
ENSG00000266173.6	0.777233285183597	1.18606565533366e-22	11	7
ENSG00000110799.13	0.777271627014677	1.17675991217262e-22	20	21
ENSG00000154079.5	0.777449703736502	1.13446454276039e-22	3	15
ENSG00000164588.6	0.777457329329778	1.1326868575911e-22	3	8
ENSG00000108654.13	0.777461011806687	1.13182936783488e-22	11	6
ENSG00000120053.10	0.777927310990068	1.02821130065774e-22	8	3
ENSG00000110536.13	0.777985212764009	1.01600885769775e-22	16	28
ENSG00000160469.16	0.777989362946064	1.01513967491367e-22	2	28
ENSG00000223891.5	0.777996033223871	1.01374422083399e-22	6	25
ENSG00000170425.3	0.778070446153029	9.9830291980067e-23	1	16
ENSG00000151778.10	0.778239402741225	9.64089448194805e-23	3	15
ENSG00000177731.15	0.778269239015538	9.58167576824256e-23	12	15
ENSG00000168303.6	0.778342366511606	9.43802874313773e-23	6	25
ENSG00000138175.8	0.778459254520693	9.2127702980127e-23	16	12
ENSG00000185942.11	0.778544146424511	9.05246681982674e-23	1	16
ENSG00000164951.15	0.778601270768736	8.94613146452097e-23	8	3
ENSG00000204149.10	0.77861558858876	8.91967068741673e-23	11	6
ENSG00000135709.12	0.778635504077676	8.88299168932149e-23	2	28
ENSG00000165775.17	0.778645308879804	8.86498792499597e-23	25	16
ENSG00000166780.10	0.77878436534339	8.6134475994877e-23	8	28
ENSG00000177731.15	0.778830863112971	8.5309002309773e-23	12	11
ENSG00000113763.10	0.779077350661485	8.10602794051684e-23	8	2
ENSG00000133424.20	0.779082590673448	8.09722345958817e-23	2	3
ENSG00000168303.6	0.779085845626557	8.09175905013118e-23	6	7
ENSG00000111077.17	0.779113053792256	8.04622243494763e-23	11	27
ENSG00000186487.17	0.779201532393752	7.89986175484786e-23	3	8
ENSG00000100320.22	0.77920165857289	7.89965489512903e-23	2	28
ENSG00000140983.13	0.779239487839318	7.83787462921076e-23	11	6
ENSG00000186487.17	0.779278155152662	7.77521258474254e-23	3	2
ENSG00000137497.17	0.779384776207367	7.60494785541408e-23	11	15
ENSG00000101888.11	0.779401658134744	7.578324340283e-23	13	28
ENSG00000159658.10	0.779483218459127	7.45097484876427e-23	5	13
ENSG00000232838.3	0.779608024340037	7.26013031617844e-23	6	11
ENSG00000166780.10	0.779690536198733	7.136584567403e-23	8	3
ENSG00000160460.15	0.779693673685295	7.13192745919854e-23	8	2
ENSG00000123131.12	0.779847905458554	6.90661111132368e-23	28	7
ENSG00000203772.7	0.779868906958913	6.87647210040381e-23	2	28
ENSG00000204149.10	0.779869270375609	6.87595169553793e-23	11	7
ENSG00000198598.6	0.779999265880812	6.6922432930512e-23	8	28
ENSG00000100478.14	0.780007912311574	6.68019543481546e-23	3	15
ENSG00000001036.13	0.780054137774892	6.61614313206708e-23	28	7
ENSG00000143847.15	0.780112028826432	6.53677044095153e-23	2	28
ENSG00000163072.15	0.780114475146639	6.53343688882492e-23	20	21
ENSG00000169908.11	0.780150412847295	6.4846558903166e-23	20	14
ENSG00000106399.11	0.78016713386174	6.4620803915331e-23	6	11
ENSG00000144034.14	0.780273510113147	6.32024279924036e-23	6	7
ENSG00000101489.19	0.780386084452544	6.17344700437189e-23	3	8
ENSG00000068903.19	0.780489914072931	6.04100441425153e-23	9	12
ENSG00000176444.18	0.780508555791637	6.01752061875682e-23	11	6
ENSG00000136807.13	0.780531042019985	5.98931213460138e-23	11	6
ENSG00000164199.16	0.780579000315173	5.9295795148686e-23	1	18
ENSG00000166963.12	0.780762366244094	5.70650443503084e-23	2	8
ENSG00000165775.17	0.780790122202322	5.67345873957233e-23	25	6
ENSG00000107816.17	0.780925106947006	5.51539016524824e-23	12	9
ENSG00000164885.12	0.780948901057603	5.48797573173446e-23	2	8
ENSG00000114209.14	0.780974249828627	5.45891625145672e-23	6	11
ENSG00000121753.12	0.780984443459274	5.44727275652761e-23	2	8
ENSG00000110274.15	0.781024968140731	5.40122315000951e-23	11	6
ENSG00000124772.11	0.781026707805482	5.3992548283083e-23	2	28
ENSG00000169783.12	0.781086775824187	5.33171892965566e-23	8	2
ENSG00000233508.2	0.781112213998588	5.30336708385601e-23	3	15
ENSG00000100258.17	0.78125281138331	5.14929729283577e-23	11	7
ENSG00000196547.14	0.781271264147061	5.12940315473422e-23	12	6
ENSG00000150779.11	0.781367485934115	5.02687337614924e-23	6	25
ENSG00000146250.6	0.781382878153368	5.0106585625367e-23	1	16
ENSG00000068971.13	0.781456338917503	4.93397169185095e-23	2	28
ENSG00000143537.13	0.781468659753058	4.92122232762272e-23	12	15
ENSG00000138663.8	0.781547459283426	4.84043841880255e-23	6	15
ENSG00000151090.17	0.781596148108067	4.79117127843775e-23	3	15
ENSG00000143442.21	0.781658059460662	4.72923020944955e-23	11	25
ENSG00000104885.17	0.781683950932136	4.70355846923815e-23	11	6
ENSG00000241404.6	0.781686995624808	4.7005485585864e-23	21	20
ENSG00000128311.13	0.781823679142551	4.56734388644004e-23	1	16
ENSG00000132932.16	0.781825587711449	4.56551020056731e-23	8	2
ENSG00000105810.9	0.781831360956256	4.55996783832785e-23	9	5
ENSG00000175768.12	0.781859307746709	4.53323129302733e-23	6	15
ENSG00000165775.17	0.781924936934561	4.47104370131416e-23	25	11
ENSG00000119688.20	0.781977898810545	4.42146631071078e-23	11	15
ENSG00000105695.14	0.782067455120781	4.33884986299792e-23	9	12
ENSG00000143553.10	0.782098024476265	4.31099545465302e-23	16	28
ENSG00000089159.16	0.782156198956258	4.25846839793255e-23	20	3
ENSG00000196405.12	0.782160009760555	4.25504939922676e-23	2	7
ENSG00000172456.17	0.782287735870758	4.14199082962063e-23	16	25
ENSG00000171132.13	0.782434832409747	4.01541289665014e-23	3	2
ENSG00000142235.8	0.782564532031146	3.90693999701764e-23	2	8
ENSG00000119421.6	0.782608895801927	3.87049677932944e-23	3	15
ENSG00000128594.7	0.782618893436416	3.86232996594825e-23	2	8
ENSG00000232453.6	0.782652995975173	3.83459867400397e-23	25	16
ENSG00000137802.13	0.782776920363526	3.73545164194134e-23	11	7
ENSG00000165264.10	0.782882925616631	3.65262816014433e-23	6	11
ENSG00000058091.16	0.782897177131591	3.64163069610518e-23	3	15
ENSG00000267909.2	0.782978723846729	3.57932169518684e-23	2	3
ENSG00000178038.16	0.783093665034705	3.49325833941134e-23	21	27
ENSG00000119865.8	0.783174209448662	3.43415572866025e-23	15	3
ENSG00000109390.11	0.783216042798073	3.40384473920236e-23	6	25
ENSG00000169169.14	0.783292102484223	3.34940145101897e-23	8	28
ENSG00000140612.13	0.783468035085708	3.22670249383562e-23	28	2
ENSG00000076928.17	0.783495937493174	3.20764982270356e-23	11	6
ENSG00000183426.16	0.78357330722948	3.15539122093302e-23	11	7
ENSG00000170027.6	0.783637256110693	3.11282505538699e-23	8	3
ENSG00000001626.14	0.783664104044115	3.09512166600162e-23	11	12
ENSG00000164039.14	0.783690885941979	3.07755964438795e-23	1	16
ENSG00000109270.12	0.78375074035107	3.03866107448099e-23	6	11
ENSG00000172782.11	0.783768445196166	3.02724709930037e-23	2	3
ENSG00000134744.13	0.784048233442089	2.85232717007024e-23	11	6
ENSG00000196576.14	0.784061333581779	2.84438335134588e-23	1	18
ENSG00000154096.13	0.784061569295222	2.84424061437472e-23	8	28
ENSG00000136522.13	0.784101212225664	2.82033382117621e-23	6	7
ENSG00000164794.8	0.784201877592053	2.76050430548782e-23	2	8
ENSG00000198839.9	0.784263577556533	2.72444716401364e-23	6	11
ENSG00000138381.9	0.784302928172208	2.70169114723463e-23	6	11
ENSG00000040341.17	0.784365212422458	2.66605119004547e-23	3	15
ENSG00000134884.13	0.784414132192517	2.6383804169989e-23	11	6
ENSG00000139973.16	0.784504091811657	2.58822518170763e-23	3	8
ENSG00000060709.14	0.784543950242931	2.56630124776735e-23	3	8
ENSG00000170802.15	0.784765118062959	2.44789991676549e-23	9	5
ENSG00000054148.17	0.784768485448403	2.44613902259021e-23	25	16
ENSG00000198794.11	0.784895683599268	2.38052076727263e-23	2	28
ENSG00000078902.15	0.784905591652188	2.37548213441081e-23	2	3
ENSG00000169169.14	0.78491577695689	2.37031334836507e-23	8	13
ENSG00000101199.12	0.785040923420405	2.30769297565439e-23	11	7
ENSG00000064655.18	0.785150493385037	2.2541934635775e-23	1	16
ENSG00000099365.10	0.785220546089389	2.22062482075598e-23	2	28
ENSG00000132938.19	0.785341299483686	2.16390166939034e-23	8	2
ENSG00000177614.10	0.78535708501886	2.15659174481785e-23	2	8
ENSG00000102543.14	0.7854825841932	2.0993263507999e-23	6	11
ENSG00000170579.16	0.785511233259163	2.0864631388347e-23	3	2
ENSG00000149639.14	0.78554172539543	2.07285683633575e-23	11	6
ENSG00000081386.12	0.785546124020286	2.07090122200572e-23	15	3
ENSG00000157184.6	0.785572418879754	2.05924808206492e-23	1	16
ENSG00000037241.7	0.785602630834888	2.04593792547023e-23	6	11
ENSG00000149090.11	0.785680282880376	2.01211133387748e-23	1	16
ENSG00000125445.10	0.785778091260901	1.97027962848215e-23	6	25
ENSG00000172164.13	0.785808844534091	1.95730288246966e-23	1	16
ENSG00000167862.9	0.785867677085531	1.93270953984436e-23	6	25
ENSG00000247134.6	0.785883359661945	1.9262048993148e-23	16	25
ENSG00000132329.10	0.785923735887302	1.90955618291085e-23	1	16
ENSG00000026036.21	0.785994911856699	1.88054857973776e-23	11	6
ENSG00000183155.4	0.786080556610018	1.84621350772715e-23	3	15
ENSG00000129244.8	0.786082330287896	1.84550893937495e-23	1	18
ENSG00000188554.13	0.786136225629342	1.82422436964388e-23	5	13
ENSG00000078902.15	0.786152778292168	1.81773550939097e-23	2	8
ENSG00000123560.13	0.786170709907778	1.81073147969502e-23	9	12
ENSG00000197586.12	0.786176363389965	1.80852870993511e-23	8	28
ENSG00000198198.15	0.786229734748367	1.78786195666726e-23	11	6
ENSG00000108395.13	0.786278407185187	1.76921564389536e-23	3	15
ENSG00000196636.7	0.786369879186563	1.73468463298699e-23	6	11
ENSG00000188191.14	0.786403615677107	1.72211561661576e-23	8	2
ENSG00000171421.12	0.786449171430659	1.70528400408453e-23	6	11
ENSG00000144406.18	0.786451993017919	1.70424679670921e-23	2	3
ENSG00000103184.11	0.786484953772648	1.69217599276779e-23	9	12
ENSG00000178896.8	0.786492266019928	1.68950944131888e-23	6	11
ENSG00000139350.11	0.786506462545174	1.68434410087973e-23	5	13
ENSG00000127054.20	0.786708617846307	1.61244066276119e-23	11	12
ENSG00000127774.6	0.786839745653158	1.56741051383099e-23	25	6
ENSG00000147162.13	0.787027045319382	1.50521078011082e-23	11	6
ENSG00000035141.7	0.787096065358213	1.48290256732702e-23	6	15
ENSG00000147459.17	0.787124536830466	1.4737944287075e-23	12	9
ENSG00000115524.15	0.787167034596362	1.4603006293282e-23	11	12
ENSG00000164162.12	0.787225349944145	1.4419803879583e-23	6	11
ENSG00000122733.12	0.787273270306043	1.42709375309126e-23	2	8
ENSG00000162188.5	0.78744472205125	1.37504901293721e-23	3	2
ENSG00000165410.14	0.787501997687926	1.35807885234378e-23	9	5
ENSG00000151914.19	0.787605445232842	1.32794454920981e-23	11	6
ENSG00000185344.13	0.787635983367724	1.31917413181277e-23	11	6
ENSG00000181409.11	0.787897463128484	1.24635497042798e-23	12	9
ENSG00000131495.8	0.788031770712626	1.21049104492119e-23	6	25
ENSG00000041353.9	0.788092011117698	1.1947339825819e-23	3	15
ENSG00000129159.7	0.788299880585045	1.1418826541423e-23	8	2
ENSG00000183317.16	0.788326976622712	1.13516367306786e-23	8	28
ENSG00000138834.12	0.788362872705459	1.12632189718417e-23	7	28
ENSG00000146592.16	0.788530674958565	1.08587247937986e-23	9	12
ENSG00000103197.16	0.788551667623961	1.0809129133713e-23	11	6
ENSG00000197976.11	0.788651100629695	1.05772017509639e-23	12	6
ENSG00000082258.12	0.788656737102898	1.05642010536152e-23	11	25
ENSG00000100842.12	0.788763674439998	1.03204788861498e-23	12	9
ENSG00000117335.19	0.788782402782239	1.02783629389919e-23	12	11
ENSG00000197892.12	0.7889173451136	9.97982276883727e-24	9	5
ENSG00000139233.6	0.788941455528422	9.92737993589466e-24	6	11
ENSG00000185189.17	0.789033864264824	9.72885833069209e-24	11	6
ENSG00000109501.13	0.789116042733691	9.55557077080502e-24	1	18
ENSG00000153233.12	0.789129837863863	9.52677794177637e-24	8	3
ENSG00000137806.8	0.789159931652272	9.46426029381052e-24	6	11
ENSG00000140854.12	0.789176829026958	9.42933282066116e-24	2	8
ENSG00000186350.9	0.789192557130778	9.39693525315786e-24	1	18
ENSG00000167619.11	0.789210337968221	9.36044008601875e-24	7	28
ENSG00000105887.10	0.789320332807706	9.13772893634953e-24	3	15
ENSG00000136541.14	0.789339058468618	9.10033264710665e-24	9	5
ENSG00000145545.11	0.789341303555625	9.09585910397885e-24	3	15
ENSG00000112531.16	0.789429850962368	8.92112044483946e-24	5	13
ENSG00000061794.12	0.789484497726817	8.81491929776347e-24	6	15
ENSG00000105649.9	0.78953428781838	8.71923083933684e-24	8	28
ENSG00000183291.15	0.789535993875441	8.71597009047996e-24	28	13
ENSG00000092421.16	0.789736734860146	8.34048733707303e-24	12	9
ENSG00000088387.18	0.789744233460812	8.32677141952623e-24	11	12
ENSG00000186166.8	0.789872554083783	8.09543717506474e-24	11	6
ENSG00000149091.15	0.789875154802403	8.09081406137151e-24	2	8
ENSG00000132716.18	0.789891584746809	8.06166716979985e-24	11	6
ENSG00000138696.10	0.789932823661648	7.98895926708597e-24	1	16
ENSG00000103723.12	0.789964346002506	7.93381420736846e-24	8	28
ENSG00000173660.11	0.789977246575538	7.91135320668253e-24	3	15
ENSG00000175785.12	0.790011727055921	7.85162370245081e-24	9	12
ENSG00000100836.10	0.790091349693333	7.71537125975262e-24	11	6
ENSG00000173137.11	0.79017553327031	7.57382223906701e-24	7	13
ENSG00000065883.14	0.790292516764195	7.38131993640514e-24	11	6
ENSG00000105699.16	0.790493980370976	7.06092839829299e-24	21	20
ENSG00000142611.16	0.790636123165954	6.84307907076283e-24	1	18
ENSG00000164402.13	0.790643577640974	6.831837023334e-24	9	5
ENSG00000175874.9	0.790701038966191	6.74578244054864e-24	3	8
ENSG00000167315.17	0.790713585976154	6.72713303910065e-24	1	28
ENSG00000108352.11	0.79076335493221	6.65365241518115e-24	2	28
ENSG00000123570.3	0.79076858309909	6.64597895717578e-24	3	15
ENSG00000116560.10	0.790836999509367	6.54635519598033e-24	11	6
ENSG00000132026.13	0.790852121892993	6.52453226699903e-24	2	8
ENSG00000184007.18	0.790969044867557	6.35818048410662e-24	5	9
ENSG00000197562.9	0.791083492955601	6.19935933865473e-24	8	2
ENSG00000173039.18	0.791126221361224	6.14106209901945e-24	14	3
ENSG00000116497.17	0.791251430519783	5.97329292296179e-24	11	6
ENSG00000169231.13	0.791453587025538	5.71181230750737e-24	11	7
ENSG00000172172.7	0.791545510883547	5.59663769092702e-24	6	25
ENSG00000165810.16	0.791568797101899	5.56782306853892e-24	21	27
ENSG00000141447.17	0.791602108674449	5.5268543671629e-24	9	5
ENSG00000165264.10	0.791606712182559	5.52121585317171e-24	6	15
ENSG00000137500.9	0.791628437552255	5.49468160193087e-24	6	7
ENSG00000001461.16	0.791672203391384	5.44160536584354e-24	9	5
ENSG00000110675.12	0.791678098497315	5.43449450677987e-24	8	3
ENSG00000102385.12	0.791680426191376	5.4316892667285e-24	8	2
ENSG00000175931.12	0.791730118137148	5.37213839501613e-24	8	28
ENSG00000163660.11	0.791741006100325	5.3591755554155e-24	11	12
ENSG00000181215.14	0.791789579560147	5.30171632371922e-24	8	2
ENSG00000071967.11	0.791792040142784	5.29882166135951e-24	1	16
ENSG00000158560.14	0.791822733627898	5.26284272360752e-24	8	3
ENSG00000140400.16	0.792006561307595	5.05229430871578e-24	11	6
ENSG00000089818.17	0.79203437365823	5.0211633255628e-24	3	15
ENSG00000111237.18	0.792071018527306	4.98043142883967e-24	15	6
ENSG00000167615.16	0.79209180144334	4.95747398807274e-24	11	7
ENSG00000101210.10	0.792257715713774	4.77786398968584e-24	2	28
ENSG00000077080.9	0.79230064119924	4.7324384851209e-24	8	2
ENSG00000168137.15	0.792414476904744	4.61400303993691e-24	11	6
ENSG00000165102.14	0.792420099194319	4.60822910894497e-24	11	6
ENSG00000159433.11	0.792423370012515	4.60487331518796e-24	11	6
ENSG00000213923.11	0.792505358883873	4.52152881088481e-24	11	6
ENSG00000173402.11	0.792578671239154	4.4482516098304e-24	1	18
ENSG00000114738.10	0.792696290698283	4.33310189963284e-24	1	16
ENSG00000096433.10	0.792734344873527	4.29647317463173e-24	20	21
ENSG00000103168.16	0.792841653004266	4.19480362069107e-24	11	6
ENSG00000005206.16	0.792860080042671	4.17758254795789e-24	11	6
ENSG00000075826.16	0.792883563018716	4.15573633494667e-24	11	7
ENSG00000086300.15	0.79290660111598	4.13441229451102e-24	3	15
ENSG00000189410.11	0.793072787909425	3.98372031047989e-24	3	8
ENSG00000169554.18	0.793126123465839	3.93650328833057e-24	5	9
ENSG00000114554.11	0.793171335187952	3.89690601019527e-24	8	7
ENSG00000054690.13	0.793188314512085	3.88213577423179e-24	12	9
ENSG00000145990.10	0.793192474968612	3.87852494989608e-24	8	3
ENSG00000135519.6	0.793311916458617	3.77624839207195e-24	2	8
ENSG00000180370.10	0.793337393253495	3.75477576219559e-24	5	13
ENSG00000095319.14	0.793449893495874	3.66137262825229e-24	11	6
ENSG00000175324.9	0.793531661419401	3.59491115830265e-24	6	25
ENSG00000133958.13	0.793692229506156	3.46780721078496e-24	8	28
ENSG00000072071.16	0.79370869130162	3.45502672691214e-24	8	28
ENSG00000160606.10	0.793727365403165	3.44058428684066e-24	1	16
ENSG00000170921.15	0.793743285920421	3.42831796923194e-24	7	16
ENSG00000119707.13	0.793790155974541	3.39245301648577e-24	11	6
ENSG00000131398.13	0.793874275293376	3.3290005845385e-24	8	28
ENSG00000163531.15	0.793952901221075	3.27073950634974e-24	12	6
ENSG00000110076.18	0.794056884245508	3.1952144039812e-24	2	28
ENSG00000105649.9	0.794092746605647	3.16956345562664e-24	8	3
ENSG00000139631.18	0.794233350480064	3.07091857805001e-24	11	6
ENSG00000146066.2	0.794300194241415	3.02507889482444e-24	6	25
ENSG00000114841.17	0.794323498879744	3.00925465001252e-24	11	6
ENSG00000149575.5	0.794330674793803	3.00439836250895e-24	2	3
ENSG00000107874.10	0.794369961665476	2.97794622930367e-24	6	25
ENSG00000185864.16	0.794386302056834	2.96701114492864e-24	11	6
ENSG00000157470.11	0.794438145482279	2.93257586208769e-24	15	3
ENSG00000150867.13	0.794539907918422	2.86611345603329e-24	9	5
ENSG00000004975.11	0.794565174679165	2.84984046351969e-24	11	6
ENSG00000186994.11	0.794616185772605	2.81726108506642e-24	20	27
ENSG00000129353.14	0.794639174280857	2.80269798494477e-24	1	18
ENSG00000004660.14	0.794742142618196	2.73836414795848e-24	2	8
ENSG00000114209.14	0.794788801087683	2.70968872013875e-24	6	7
ENSG00000164076.16	0.79485892237532	2.66714359044315e-24	8	28
ENSG00000100427.15	0.79501891394217	2.57249577221107e-24	1	18
ENSG00000130477.15	0.795236283097509	2.44913726650375e-24	2	8
ENSG00000157064.10	0.79528643178023	2.42150750826339e-24	3	8
ENSG00000130822.15	0.795463471019841	2.32637672203492e-24	2	28
ENSG00000251562.7	0.795466075460209	2.32500482200098e-24	11	6
ENSG00000213760.10	0.795521647956337	2.29591914062797e-24	3	15
ENSG00000035141.7	0.795691492726596	2.20920822182608e-24	6	12
ENSG00000197977.3	0.795814619857367	2.14835398113908e-24	1	16
ENSG00000198753.11	0.795854457844178	2.12901694903882e-24	12	11
ENSG00000166123.13	0.796013327426309	2.05357760019103e-24	1	18
ENSG00000160460.15	0.796057209664876	2.03320389217316e-24	8	28
ENSG00000177542.10	0.79627993149282	1.93280036073752e-24	2	8
ENSG00000106089.11	0.796282614571388	1.93162081101056e-24	2	3
ENSG00000166171.12	0.796354141054719	1.9004335551376e-24	6	15
ENSG00000170075.8	0.796480061594996	1.84671858434523e-24	1	18
ENSG00000133612.18	0.796513733920976	1.83260752351079e-24	2	8
ENSG00000171450.5	0.796746544903626	1.73788082993202e-24	2	3
ENSG00000122966.15	0.796783686519299	1.72321716884231e-24	8	7
ENSG00000078328.19	0.797015954597226	1.63421670014253e-24	3	8
ENSG00000109107.13	0.797219049126128	1.56008207285047e-24	1	18
ENSG00000172172.7	0.797238624835336	1.55311229870364e-24	6	16
ENSG00000166747.12	0.797311149683768	1.52755416639833e-24	11	25
ENSG00000164080.13	0.797435476695587	1.48469206936206e-24	11	6
ENSG00000111642.14	0.797447855169739	1.48048934408653e-24	12	15
ENSG00000169860.6	0.797545491766016	1.44774419955012e-24	1	16
ENSG00000099998.17	0.797588315099206	1.43360611662184e-24	27	20
ENSG00000169019.10	0.797611943056444	1.42586312391194e-24	6	11
ENSG00000051382.8	0.797682317229856	1.40304210898312e-24	3	15
ENSG00000054654.16	0.797793339474616	1.36776233214054e-24	21	27
ENSG00000101367.8	0.798053106643456	1.28856296106316e-24	13	8
ENSG00000151948.11	0.798215576481858	1.24132159746784e-24	3	2
ENSG00000182087.12	0.798280702187231	1.2228631758091e-24	12	15
ENSG00000076928.17	0.798309443654032	1.21480247207894e-24	11	12
ENSG00000198844.10	0.798311277632933	1.21428988561419e-24	20	21
ENSG00000141540.10	0.798393949558555	1.19140141672088e-24	12	9
ENSG00000155858.5	0.798402542824771	1.18904658384499e-24	3	8
ENSG00000106991.13	0.798487266166467	1.16607139211252e-24	20	21
ENSG00000143164.15	0.798570705908087	1.14386783152585e-24	3	15
ENSG00000128581.15	0.798628378371841	1.12876265598489e-24	6	12
ENSG00000175931.12	0.79865621831834	1.12154082536266e-24	8	7
ENSG00000104866.10	0.798691938632481	1.11234078087657e-24	2	8
ENSG00000168137.15	0.798727667133809	1.10321229450292e-24	11	25
ENSG00000100813.14	0.798771364379784	1.09214714287646e-24	11	25
ENSG00000188573.7	0.798799276949601	1.0851357860969e-24	2	8
ENSG00000187098.14	0.799034924945983	1.02766767371542e-24	9	5
ENSG00000147853.16	0.799052800039192	1.02343167581451e-24	1	16
ENSG00000101746.15	0.799171224907172	9.95794796470415e-25	3	15
ENSG00000156411.9	0.799249306689273	9.77972541626357e-25	3	15
ENSG00000283183.1	0.799409785313531	9.42314745237942e-25	2	8
ENSG00000205268.10	0.799455821657445	9.32321928716555e-25	11	12
ENSG00000088899.14	0.799527104590781	9.17052650773311e-25	2	28
ENSG00000253230.8	0.799544448131062	9.13374612555245e-25	7	28
ENSG00000241973.10	0.799607277377271	9.00170553002024e-25	8	2
ENSG00000165548.10	0.799621902049945	8.97123886646078e-25	8	7
ENSG00000099308.10	0.799637145274042	8.93959069286205e-25	2	28
ENSG00000011347.9	0.799807690307002	8.59284641587604e-25	2	28
ENSG00000128245.14	0.799869143829333	8.47114673781859e-25	8	3
ENSG00000198832.10	0.799969689437007	8.27564825992757e-25	16	25
ENSG00000068615.17	0.800083053112036	8.06050403564309e-25	8	3
ENSG00000114770.16	0.800219512492198	7.80875842876566e-25	7	11
ENSG00000143398.19	0.80022958518915	7.79048300651243e-25	11	25
ENSG00000079482.12	0.800277786892008	7.70360419432768e-25	1	18
ENSG00000178397.12	0.800354239553355	7.56774099190189e-25	3	15
ENSG00000055483.19	0.80041585982026	7.45994033432991e-25	11	6
ENSG00000085563.14	0.800461416877	7.38120598226473e-25	21	20
ENSG00000162961.13	0.800515526720025	7.28874317738647e-25	6	11
ENSG00000170581.13	0.800606554256024	7.13573896180918e-25	11	6
ENSG00000115896.15	0.800832672643796	6.76909999556271e-25	9	5
ENSG00000132879.13	0.800848550238274	6.74405754745014e-25	8	2
ENSG00000057663.14	0.800985300156918	6.53208190399257e-25	6	15
ENSG00000271447.5	0.800992634262966	6.52089889935438e-25	1	16
ENSG00000169783.12	0.801076454493955	6.39440954716854e-25	8	28
ENSG00000197355.10	0.801124160817507	6.32349041562502e-25	11	12
ENSG00000105726.16	0.801379200124626	5.95717873194788e-25	11	6
ENSG00000167566.16	0.801557108809122	5.7139951153189e-25	11	6
ENSG00000173141.4	0.801615575182394	5.63621278328449e-25	6	11
ENSG00000092758.15	0.801639826071217	5.60425394740781e-25	9	12
ENSG00000112333.11	0.801670747250374	5.56376108145414e-25	1	16
ENSG00000188243.12	0.801829757842093	5.35999534568255e-25	6	7
ENSG00000172331.11	0.80191525837688	5.25345914162669e-25	6	11
ENSG00000196872.11	0.801966150436294	5.19103002118272e-25	8	3
ENSG00000106144.19	0.802111207484366	5.01703446119744e-25	11	25
ENSG00000168899.4	0.802161689781332	4.95782634729376e-25	28	8
ENSG00000131067.16	0.802162915227697	4.95639759309309e-25	7	28
ENSG00000125851.9	0.80227419060889	4.82832190561722e-25	8	3
ENSG00000143252.14	0.802346431758316	4.74690865100326e-25	1	16
ENSG00000171202.6	0.802415761981955	4.67003626254952e-25	6	11
ENSG00000213339.8	0.802494145478172	4.58458827048068e-25	11	7
ENSG00000134873.9	0.802606824356697	4.46442103457505e-25	1	16
ENSG00000182400.14	0.802610523515501	4.46052859986889e-25	3	15
ENSG00000078328.19	0.802679551017267	4.38849898421526e-25	3	2
ENSG00000084453.16	0.802947536786911	4.11946055404854e-25	9	5
ENSG00000020129.15	0.802960965950145	4.10641079555726e-25	2	8
ENSG00000157741.14	0.803063688984212	4.00791549644126e-25	11	25
ENSG00000127329.15	0.803079326190844	3.99312546755041e-25	21	20
ENSG00000172209.5	0.803096090677904	3.97732838310428e-25	3	15
ENSG00000124702.17	0.803129214260196	3.94629527881212e-25	2	3
ENSG00000077152.9	0.803265921909947	3.82069644071929e-25	3	15
ENSG00000130158.13	0.803298802328899	3.79107474236885e-25	21	20
ENSG00000131634.13	0.803414804089107	3.68834882341789e-25	21	20
ENSG00000137509.10	0.80359800843634	3.53161939375581e-25	1	28
ENSG00000140983.13	0.803617695840767	3.51516887119559e-25	11	7
ENSG00000169612.3	0.803633664206212	3.50188086587248e-25	6	11
ENSG00000175768.12	0.803821321408951	3.34934868569451e-25	6	11
ENSG00000163531.15	0.803943680969418	3.25340441760812e-25	12	11
ENSG00000266173.6	0.803968729635057	3.23409667220895e-25	11	6
ENSG00000168002.11	0.804032695282304	3.18529726790156e-25	16	28
ENSG00000141098.12	0.804052035135624	3.17068487739445e-25	2	3
ENSG00000241973.10	0.804161336011997	3.08932297200465e-25	8	28
ENSG00000119801.12	0.804323163126577	2.97259001120634e-25	3	15
ENSG00000204588.5	0.804338575874188	2.96169929902134e-25	8	28
ENSG00000180537.12	0.804413199035471	2.90951845520579e-25	1	16
ENSG00000166963.12	0.804508545628223	2.84415049980396e-25	2	28
ENSG00000204219.9	0.804604025038643	2.78012832913905e-25	1	16
ENSG00000204851.6	0.804689869375692	2.72376889826347e-25	8	3
ENSG00000131398.13	0.804706902303974	2.71271956788718e-25	8	2
ENSG00000006740.16	0.804708882454406	2.71143787766991e-25	2	3
ENSG00000173915.14	0.80474316968707	2.68933828506194e-25	3	15
ENSG00000128482.15	0.804954773791076	2.55678911858557e-25	8	28
ENSG00000273079.5	0.805128082839797	2.45299618279631e-25	8	2
ENSG00000106144.19	0.805159051996341	2.43488718845277e-25	11	6
ENSG00000105270.14	0.805232947241582	2.39220286245378e-25	2	8
ENSG00000142910.15	0.805368362429587	2.31586967910763e-25	27	20
ENSG00000114857.17	0.805406002532393	2.29507766866203e-25	11	6
ENSG00000117266.15	0.805469177327474	2.26058929095266e-25	12	9
ENSG00000171132.13	0.805486108137716	2.25143268839031e-25	3	8
ENSG00000127663.14	0.8055168332768	2.23490812014381e-25	7	6
ENSG00000118402.5	0.805600893129719	2.19030161716482e-25	8	3
ENSG00000170921.15	0.805921220504986	2.02814589405845e-25	7	28
ENSG00000172458.4	0.806032954651672	1.974388421445e-25	1	16
ENSG00000169231.13	0.806087933589432	1.94844993597479e-25	11	6
ENSG00000188153.12	0.806175455153731	1.90784274519535e-25	9	12
ENSG00000178537.9	0.80622211166991	1.88653431467747e-25	1	16
ENSG00000163462.17	0.806224767871579	1.88532821735534e-25	8	7
ENSG00000111843.13	0.806646934651309	1.7029001724848e-25	16	28
ENSG00000160305.17	0.806664835436626	1.6955582221376e-25	11	12
ENSG00000127415.12	0.806713568132722	1.6757268279277e-25	11	7
ENSG00000169180.11	0.806864063615784	1.61590207864903e-25	12	6
ENSG00000114554.11	0.80696214941925	1.57803850448186e-25	8	2
ENSG00000214078.12	0.806974565597508	1.57330772619746e-25	11	6
ENSG00000197496.5	0.807001004354792	1.56328017047521e-25	1	16
ENSG00000150768.15	0.807459405487744	1.39901665093906e-25	6	12
ENSG00000196547.14	0.807602699246837	1.35121655926646e-25	12	11
ENSG00000160014.16	0.807678668559866	1.32652499536703e-25	2	3
ENSG00000083097.14	0.807757742086294	1.30129228437517e-25	11	7
ENSG00000141622.13	0.808112011432702	1.19387677915958e-25	3	2
ENSG00000025423.11	0.808123738542453	1.1904732607074e-25	1	16
ENSG00000140459.17	0.808354268213504	1.12545815677842e-25	1	16
ENSG00000196814.14	0.808371123849885	1.12084281998386e-25	12	9
ENSG00000101199.12	0.808392497981941	1.11501680417546e-25	11	6
ENSG00000049089.13	0.808442799437044	1.1014223469171e-25	9	12
ENSG00000139998.14	0.808540556520493	1.07546364228977e-25	2	3
ENSG00000131051.22	0.808634457396519	1.05109163116715e-25	11	12
ENSG00000158109.14	0.808676144091885	1.04044539047656e-25	2	3
ENSG00000075399.13	0.808848666630805	9.97493424728529e-26	2	7
ENSG00000169612.3	0.808879369890722	9.90032972529261e-26	6	12
ENSG00000184985.16	0.809124985184063	9.32280354003357e-26	1	18
ENSG00000119946.10	0.80915120317711	9.26313401111835e-26	8	2
ENSG00000114857.17	0.80917453195618	9.21035354104481e-26	11	12
ENSG00000154553.13	0.809253344531914	9.03420480226445e-26	1	16
ENSG00000267385.1	0.809259994110579	9.01949409041251e-26	1	18
ENSG00000167770.11	0.809325415130247	8.87600545895589e-26	8	3
ENSG00000177679.15	0.80943427359359	8.64216808892555e-26	8	28
ENSG00000141756.18	0.809462997025983	8.5814770736374e-26	1	18
ENSG00000050030.13	0.809528119638745	8.44541318782425e-26	3	15
ENSG00000125814.17	0.809617089862987	8.2629215762056e-26	3	8
ENSG00000087087.18	0.809643103955095	8.21029377788642e-26	12	11
ENSG00000197892.12	0.810003395351207	7.5141940933133e-26	9	12
ENSG00000130402.11	0.810150046181132	7.24765951079533e-26	11	6
ENSG00000151665.12	0.810150464119921	7.24691326434778e-26	28	7
ENSG00000198612.10	0.810152048565578	7.24408485416398e-26	6	12
ENSG00000176463.13	0.810190741099433	7.17534785962013e-26	9	12
ENSG00000159363.17	0.810361718570909	6.87915274667982e-26	8	7
ENSG00000102805.14	0.810503802531092	6.64211994237038e-26	28	2
ENSG00000130787.13	0.810574990782034	6.52637608544398e-26	12	11
ENSG00000006740.16	0.810637961604093	6.42563535599442e-26	2	8
ENSG00000165898.13	0.810658923015752	6.39243921181225e-26	16	25
ENSG00000112290.12	0.810697934262848	6.33110299275598e-26	8	3
ENSG00000104852.14	0.810712226828606	6.30877530436463e-26	11	6
ENSG00000135740.16	0.810800119683845	6.17314998471303e-26	8	7
ENSG00000266964.5	0.810956876422509	5.93829189824944e-26	1	16
ENSG00000120318.15	0.8109975851494	5.87874149885173e-26	21	20
ENSG00000125124.11	0.811125161647122	5.69586821525336e-26	1	18
ENSG00000136897.7	0.811173049968602	5.62866646725542e-26	6	11
ENSG00000168066.20	0.811220104527944	5.56338877079995e-26	11	6
ENSG00000118160.13	0.811308044652594	5.44336656668322e-26	8	2
ENSG00000221890.3	0.811499177116446	5.19115569702455e-26	2	8
ENSG00000109270.12	0.811553453441392	5.12163885233119e-26	6	15
ENSG00000173141.4	0.811564185650087	5.10800109221476e-26	6	25
ENSG00000177181.14	0.81174418714882	4.88448052171516e-26	2	3
ENSG00000204946.9	0.811791322260878	4.82754496059108e-26	11	6
ENSG00000171435.13	0.811835798465369	4.77441543275773e-26	2	8
ENSG00000108352.11	0.81197325302073	4.61379971277053e-26	2	7
ENSG00000213246.6	0.812156403347019	4.40796098137208e-26	6	11
ENSG00000115685.14	0.812307584818122	4.24482866154618e-26	3	15
ENSG00000130475.14	0.812410675408477	4.13698378658581e-26	12	9
ENSG00000128739.21	0.812450505196665	4.09603739941207e-26	2	3
ENSG00000133612.18	0.81248347045708	4.06244740137608e-26	2	28
ENSG00000153558.13	0.812721088937076	3.82815381237451e-26	8	3
ENSG00000147533.16	0.812738232890793	3.8117695084785e-26	9	5
ENSG00000058673.16	0.812775896538689	3.77601473409451e-26	11	6
ENSG00000120306.9	0.812956259110796	3.60928085161327e-26	1	16
ENSG00000122378.13	0.813046171932685	3.52886831628503e-26	1	16
ENSG00000078747.14	0.813192652875797	3.4015950699782e-26	9	5
ENSG00000128581.15	0.813204296330942	3.3916728530508e-26	6	15
ENSG00000105726.16	0.813247900878891	3.35476469906855e-26	11	7
ENSG00000008300.16	0.813277893905043	3.32960560706279e-26	8	28
ENSG00000140374.15	0.813300718831017	3.31058284267922e-26	1	16
ENSG00000124313.13	0.813335453836002	3.28183736531546e-26	2	8
ENSG00000134248.13	0.813347480443137	3.27194145986364e-26	6	11
ENSG00000129933.20	0.813451035877554	3.18792897538696e-26	11	12
ENSG00000187800.13	0.813623409329385	3.05273277568839e-26	27	20
ENSG00000174672.15	0.813746503767103	2.95962933069079e-26	8	28
ENSG00000189410.11	0.813807066792064	2.91484513053185e-26	3	2
ENSG00000163170.11	0.814131408433123	2.68603421741674e-26	6	15
ENSG00000108797.11	0.814156991190738	2.66875178225379e-26	8	2
ENSG00000185608.8	0.814232484304404	2.61838273308371e-26	25	6
ENSG00000137876.9	0.81431857655207	2.56207401666329e-26	6	11
ENSG00000169180.11	0.814333050383996	2.55272418477736e-26	12	11
ENSG00000060709.14	0.814595816317708	2.38866014123727e-26	3	2
ENSG00000221978.11	0.814833800456446	2.24898290140665e-26	11	6
ENSG00000113327.15	0.814974144442025	2.17038407130235e-26	3	8
ENSG00000167770.11	0.814980447162479	2.16691791520811e-26	8	2
ENSG00000197976.11	0.815208661713867	2.04498829017887e-26	12	11
ENSG00000162572.20	0.815300161675903	1.998006105404e-26	11	7
ENSG00000166902.4	0.815640930346078	1.83212424900229e-26	16	25
ENSG00000108963.17	0.81572493968371	1.79334213405566e-26	11	7
ENSG00000223501.8	0.815806475538334	1.7564687531012e-26	11	6
ENSG00000171824.13	0.815960424346793	1.68885488652085e-26	11	6
ENSG00000162817.6	0.815972254949834	1.6837653552756e-26	2	3
ENSG00000126822.16	0.81631794936657	1.54148354758172e-26	12	9
ENSG00000065883.14	0.816326449227502	1.53813734436387e-26	11	25
ENSG00000131089.15	0.816370460004129	1.52092438731276e-26	3	2
ENSG00000198934.4	0.816436954361843	1.49527404988457e-26	8	3
ENSG00000107147.12	0.816599131497555	1.43447196781327e-26	8	28
ENSG00000157191.19	0.816671803677282	1.40801584931415e-26	28	8
ENSG00000165300.7	0.816840560125878	1.34840441781818e-26	3	8
ENSG00000205981.6	0.816928301669725	1.31839152459998e-26	6	15
ENSG00000213190.3	0.817058284971495	1.27512461311565e-26	3	15
ENSG00000184863.10	0.817107846807437	1.25899491257214e-26	11	6
ENSG00000167371.17	0.817148962260404	1.24576536019363e-26	2	8
ENSG00000019505.7	0.817163177585665	1.24122300172686e-26	2	3
ENSG00000176399.3	0.817214421721121	1.22498228127233e-26	1	16
ENSG00000152620.12	0.817260950599867	1.21041577937862e-26	1	16
ENSG00000140280.13	0.817744362889214	1.06873766161995e-26	3	15
ENSG00000130402.11	0.817768954189718	1.0619806751543e-26	11	25
ENSG00000160460.15	0.817786555474442	1.0571699721229e-26	8	7
ENSG00000116586.11	0.81779847431582	1.0539244563249e-26	6	25
ENSG00000176454.13	0.818055436085562	9.86272302926908e-27	8	7
ENSG00000160396.8	0.818106348917556	9.73380596183109e-27	2	8
ENSG00000133958.13	0.818218352750005	9.45596283300134e-27	8	7
ENSG00000148408.12	0.818247606495366	9.38467904395289e-27	2	8
ENSG00000133983.14	0.818272452804673	9.32454726767209e-27	6	11
ENSG00000100321.14	0.818346103307567	9.14850361495013e-27	8	2
ENSG00000172586.7	0.818381649599041	9.064703907524e-27	6	11
ENSG00000149639.14	0.818408171267385	9.00266819610137e-27	11	12
ENSG00000139767.8	0.818501150919519	8.78843979257508e-27	8	2
ENSG00000260230.2	0.81857810356193	8.61490923809897e-27	3	8
ENSG00000109046.14	0.818606937691486	8.5507527441839e-27	11	6
ENSG00000198483.12	0.818678864218836	8.39274102197563e-27	16	25
ENSG00000104957.13	0.818686026570817	8.37716338361675e-27	12	11
ENSG00000277586.2	0.818902484389082	7.9194733467804e-27	8	3
ENSG00000136807.13	0.818950799813924	7.82069586683214e-27	11	7
ENSG00000104325.6	0.818990066852796	7.74130411055425e-27	1	16
ENSG00000100941.8	0.81899839519549	7.72456693772763e-27	11	12
ENSG00000076864.19	0.819036815833892	7.64781066603973e-27	8	7
ENSG00000157064.10	0.819038635695566	7.64419349960105e-27	3	2
ENSG00000111218.11	0.819047311980075	7.6269714224474e-27	2	3
ENSG00000067606.16	0.819055244755724	7.61125833495275e-27	2	3
ENSG00000115694.14	0.819211508989926	7.30809844001483e-27	2	7
ENSG00000128708.12	0.81939323150506	6.97035759728909e-27	28	13
ENSG00000185043.10	0.819487919810317	6.8004631215244e-27	16	28
ENSG00000185414.19	0.819529878441264	6.72647790222128e-27	6	15
ENSG00000006432.15	0.819657872245875	6.5056095918389e-27	2	8
ENSG00000132932.16	0.819835680063987	6.21049283788648e-27	8	3
ENSG00000149970.14	0.820078725258407	5.82815168514379e-27	3	8
ENSG00000100209.9	0.820085116609632	5.81841394204248e-27	25	16
ENSG00000116030.16	0.820136631029645	5.74050537404688e-27	15	6
ENSG00000082458.11	0.8201638352924	5.6997745274037e-27	8	3
ENSG00000129933.20	0.820222667787599	5.61265171466178e-27	11	6
ENSG00000169021.5	0.820303130346101	5.49559982713588e-27	6	11
ENSG00000130822.15	0.820360597543984	5.41346262253836e-27	2	8
ENSG00000146425.10	0.820424539188056	5.32348003581231e-27	28	8
ENSG00000170537.12	0.820439019703405	5.30330588378718e-27	9	12
ENSG00000134056.11	0.820463520711435	5.26934112153555e-27	6	11
ENSG00000105612.8	0.820630685266654	5.04320943411195e-27	1	16
ENSG00000143398.19	0.820826419275104	4.79045644325767e-27	11	6
ENSG00000148053.15	0.820946528519189	4.64152722158058e-27	1	18
ENSG00000144228.8	0.820982924709103	4.59729719252047e-27	9	5
ENSG00000167635.11	0.821044057393687	4.52393081280687e-27	9	5
ENSG00000213676.10	0.821061554370498	4.50314365086064e-27	11	6
ENSG00000140307.10	0.821202699907094	4.33883255857909e-27	6	7
ENSG00000065809.13	0.821859813126388	3.64780103425446e-27	9	5
ENSG00000213366.12	0.822212447598259	3.32255320473208e-27	1	18
ENSG00000132825.6	0.822276922804165	3.26622783300582e-27	1	16
ENSG00000172890.11	0.822305981535351	3.24114801534009e-27	12	11
ENSG00000083937.8	0.822384372868142	3.17442465309537e-27	6	7
ENSG00000138796.16	0.822604726811888	2.99397098816268e-27	1	16
ENSG00000076826.9	0.82277828389069	2.85892885787179e-27	8	2
ENSG00000109920.12	0.822800604739534	2.84199894277107e-27	11	6
ENSG00000124194.16	0.822810148545206	2.83479007020739e-27	2	3
ENSG00000110076.18	0.822828538292233	2.82094976621476e-27	2	8
ENSG00000232931.5	0.822858216966993	2.79875235191263e-27	11	7
ENSG00000008056.13	0.823164429114494	2.57945946561499e-27	8	2
ENSG00000120458.10	0.823308742361197	2.48201666331804e-27	11	12
ENSG00000109118.13	0.823331808530759	2.4667788619312e-27	11	6
ENSG00000008300.16	0.82345984256638	2.38384423980774e-27	8	2
ENSG00000061936.9	0.823724100126366	2.22118782359872e-27	12	6
ENSG00000099308.10	0.823726690406196	2.21964836357201e-27	2	8
ENSG00000155966.13	0.824154756990074	1.9790476371675e-27	2	3
ENSG00000143553.10	0.824374467736713	1.86564514102391e-27	16	25
ENSG00000119471.14	0.824415019716384	1.84541963803116e-27	1	16
ENSG00000182087.12	0.824544084590206	1.78246267492673e-27	12	6
ENSG00000119688.20	0.824559860835089	1.77491248538797e-27	11	6
ENSG00000110786.17	0.82472108570281	1.69952198637642e-27	8	28
ENSG00000156959.8	0.824780928288046	1.67234234053861e-27	8	2
ENSG00000105613.9	0.824986062295905	1.58235625885998e-27	8	7
ENSG00000101265.15	0.825267326603591	1.46662041376464e-27	9	5
ENSG00000065559.14	0.825274916968717	1.46361453713985e-27	8	3
ENSG00000168314.17	0.825665232710218	1.31689351705346e-27	9	5
ENSG00000122966.15	0.825955407785049	1.21722473357186e-27	8	28
ENSG00000129467.13	0.825971850505083	1.2118031523698e-27	21	20
ENSG00000164794.8	0.826084554657775	1.17527132787894e-27	2	3
ENSG00000134248.13	0.826105673194224	1.16854665360057e-27	6	25
ENSG00000182050.13	0.826207493125839	1.13664832999124e-27	1	16
ENSG00000139233.6	0.826320982189704	1.1020959776774e-27	6	7
ENSG00000187672.12	0.826431444791935	1.0694510271147e-27	3	2
ENSG00000150779.11	0.826442975574609	1.06609827433874e-27	6	11
ENSG00000273611.4	0.826496158584911	1.05076687348589e-27	6	15
ENSG00000165819.11	0.826500077005756	1.0496458408311e-27	11	12
ENSG00000185774.14	0.826768749283743	9.75503381554977e-28	3	15
ENSG00000066117.14	0.826875969359882	9.47365052629027e-28	11	6
ENSG00000101210.10	0.826996632716774	9.16646184252014e-28	2	8
ENSG00000069122.18	0.827013909048188	9.1232830085486e-28	21	20
ENSG00000107147.12	0.827070124207099	8.98415430691782e-28	8	7
ENSG00000106976.20	0.827270185592945	8.50562239498748e-28	8	28
ENSG00000115935.17	0.827617274808189	7.73379730848018e-28	9	5
ENSG00000058673.16	0.828086557516242	6.79811026389434e-28	11	25
ENSG00000106089.11	0.828230053607033	6.53475694955024e-28	2	8
ENSG00000127511.9	0.828428739026159	6.18650105597948e-28	7	28
ENSG00000145214.13	0.828566700190557	5.95541461882549e-28	2	13
ENSG00000114019.14	0.828586395958628	5.92311936838129e-28	12	9
ENSG00000179761.11	0.828872579452505	5.47271977450859e-28	1	16
ENSG00000008300.16	0.829038495541655	5.22710342476171e-28	8	7
ENSG00000164076.16	0.829297189207776	4.86547087646374e-28	8	2
ENSG00000175220.11	0.829398138499474	4.73108236258561e-28	12	6
ENSG00000272031.2	0.829417739218214	4.70541250632997e-28	2	3
ENSG00000073605.18	0.829512387615646	4.58335924929455e-28	11	7
ENSG00000006116.3	0.82957970152309	4.49844212720898e-28	2	3
ENSG00000170142.11	0.829646010247112	4.4162961056848e-28	13	7
ENSG00000172803.17	0.830009283014374	3.9916017512037e-28	8	7
ENSG00000065361.14	0.830069983557455	3.92464011371617e-28	9	12
ENSG00000160445.10	0.830249601995903	3.73285648005056e-28	2	8
ENSG00000160613.12	0.830454258577992	3.52548298482692e-28	7	11
ENSG00000013016.15	0.830492872503869	3.48763837362355e-28	2	8
ENSG00000213023.10	0.830501864358075	3.4788827842338e-28	2	8
ENSG00000101680.14	0.83052318924863	3.45820395220265e-28	1	18
ENSG00000103876.11	0.830553112709741	3.42938934074933e-28	1	16
ENSG00000136854.19	0.830818313086812	3.18405573253298e-28	8	28
ENSG00000066084.12	0.830822496840422	3.18032616155446e-28	9	5
ENSG00000196368.4	0.830907247322964	3.10568816423935e-28	3	15
ENSG00000126733.20	0.83104255367153	2.99005874414424e-28	3	15
ENSG00000225921.6	0.831169412487384	2.88547363435693e-28	6	7
ENSG00000085733.15	0.831375873094174	2.72285483228467e-28	11	12
ENSG00000142408.4	0.831418674813782	2.69028006177615e-28	8	2
ENSG00000198838.13	0.831505474751044	2.62538428180935e-28	1	18
ENSG00000127561.14	0.831581992404486	2.56944589967761e-28	8	2
ENSG00000061794.12	0.831610457541921	2.54893490039404e-28	6	11
ENSG00000260230.2	0.831698688089331	2.48636982451307e-28	3	2
ENSG00000158445.9	0.831911779267332	2.34138601862608e-28	8	2
ENSG00000128656.13	0.831968982489665	2.30389321634532e-28	3	8
ENSG00000188573.7	0.832134512886946	2.1986723582754e-28	2	3
ENSG00000185513.14	0.832312334761333	2.0908675272375e-28	11	7
ENSG00000155111.14	0.83257051551105	1.94347978485679e-28	9	5
ENSG00000167281.18	0.832862530139189	1.78899047441606e-28	2	8
ENSG00000168297.15	0.833116463384165	1.66444960996246e-28	12	9
ENSG00000174996.11	0.833116537756592	1.66441440519946e-28	2	28
ENSG00000078549.14	0.833167216179662	1.64059371012631e-28	1	18
ENSG00000122733.12	0.833257673571092	1.59890039726838e-28	2	3
ENSG00000182979.17	0.833283391420789	1.58723677911984e-28	11	6
ENSG00000113790.10	0.833326512386885	1.56786668575882e-28	1	16
ENSG00000137947.11	0.833332156055498	1.56534867918291e-28	6	11
ENSG00000105613.9	0.833493322644569	1.49508564052235e-28	8	28
ENSG00000168135.4	0.833695774306405	1.41117749181847e-28	2	8
ENSG00000158805.11	0.833707727858181	1.40636970606606e-28	12	11
ENSG00000122218.14	0.833762516930974	1.38453718034634e-28	11	25
ENSG00000170860.3	0.833913823287157	1.32594934703854e-28	6	11
ENSG00000075539.13	0.833969977067699	1.30482790314659e-28	12	9
ENSG00000163875.15	0.83397337771616	1.30355940579895e-28	3	15
ENSG00000124222.22	0.834045145144425	1.27706819991313e-28	11	12
ENSG00000072071.16	0.834067858059224	1.26879436357347e-28	8	7
ENSG00000143545.8	0.834213082464088	1.21711636257467e-28	28	8
ENSG00000139567.12	0.834235657563119	1.20926990553713e-28	20	21
ENSG00000161021.11	0.834277840992483	1.1947403609201e-28	11	6
ENSG00000137714.2	0.834442136863556	1.13975872768432e-28	6	11
ENSG00000127249.14	0.834578591113316	1.09597979403187e-28	1	18
ENSG00000114993.16	0.834786338836257	1.03246417969888e-28	9	12
ENSG00000073417.14	0.834924995051096	9.92088145364901e-29	12	9
ENSG00000111674.8	0.835433287122049	8.56846475269934e-29	8	28
ENSG00000160613.12	0.835582807924672	8.20614315110659e-29	7	6
ENSG00000163161.12	0.835589356513622	8.19062140374696e-29	11	7
ENSG00000066056.13	0.835600561172879	8.16413012561638e-29	21	20
ENSG00000105613.9	0.835727153330205	7.87058104264514e-29	8	2
ENSG00000133943.20	0.835809148968154	7.68597373988196e-29	1	18
ENSG00000104859.14	0.835944594729615	7.39025128475706e-29	12	11
ENSG00000181222.15	0.83600183490687	7.26864523081442e-29	11	6
ENSG00000108352.11	0.836055137711409	7.1571629812341e-29	2	8
ENSG00000148798.10	0.836163408090205	6.93583452273734e-29	3	8
ENSG00000253368.3	0.836237975459988	6.78730520017263e-29	2	3
ENSG00000271614.1	0.836267875491742	6.72862463857398e-29	3	15
ENSG00000101166.15	0.836277977282784	6.70891150985559e-29	13	7
ENSG00000188725.7	0.836484366841396	6.31828411716308e-29	13	7
ENSG00000123472.12	0.837005404603342	5.42832970341486e-29	1	16
ENSG00000213424.8	0.837030241084821	5.38911657865958e-29	3	15
ENSG00000197860.9	0.837192463792658	5.13971254112998e-29	3	15
ENSG00000275763.3	0.837628557374985	4.5238285644925e-29	1	16
ENSG00000132639.12	0.837686600338317	4.44749873850399e-29	3	8
ENSG00000160213.6	0.83796163065164	4.10258979119731e-29	16	28
ENSG00000070214.15	0.838209258974036	3.8144963331008e-29	9	5
ENSG00000122515.14	0.838592505469891	3.40716726422211e-29	2	7
ENSG00000147162.13	0.838617838433423	3.38179364910504e-29	11	25
ENSG00000176248.8	0.838705890853147	3.29502767423374e-29	12	6
ENSG00000154582.16	0.838937302153686	3.07723418597188e-29	6	15
ENSG00000073969.18	0.839098648273781	2.93377080142426e-29	8	3
ENSG00000184076.13	0.839166414745285	2.87548290413393e-29	6	25
ENSG00000137497.17	0.83930723790462	2.75795210140348e-29	11	12
ENSG00000186994.11	0.839443734499205	2.64851729772248e-29	20	21
ENSG00000100201.20	0.839444414351745	2.64798299576725e-29	11	6
ENSG00000153446.15	0.839677261126136	2.47104739639495e-29	1	16
ENSG00000004779.9	0.840015003735525	2.23476322476651e-29	6	15
ENSG00000107295.9	0.840026011402554	2.22744603850268e-29	3	8
ENSG00000204655.11	0.840137818072782	2.15443797077408e-29	9	12
ENSG00000105397.13	0.840472098310658	1.94982458807911e-29	11	6
ENSG00000105649.9	0.840505131776523	1.93066728219442e-29	8	2
ENSG00000161082.12	0.840608851286564	1.87170399405324e-29	2	8
ENSG00000198910.12	0.84112864541017	1.60171458177135e-29	8	2
ENSG00000176749.8	0.841207911671619	1.56403745595179e-29	3	2
ENSG00000027075.14	0.841462699324192	1.4487021454142e-29	20	21
ENSG00000183111.11	0.841795702379346	1.31041779257814e-29	9	5
ENSG00000076513.16	0.841828898561239	1.2973613565821e-29	12	9
ENSG00000173786.16	0.841853904526214	1.28761024056366e-29	9	12
ENSG00000100650.15	0.842190759342983	1.16302969133509e-29	11	6
ENSG00000166780.10	0.842836589600798	9.56249292990345e-30	8	2
ENSG00000101972.18	0.842879445986666	9.43877847235659e-30	5	13
ENSG00000077080.9	0.842966112402799	9.19335675108065e-30	8	3
ENSG00000272333.5	0.843071688407101	8.90280042575955e-30	11	6
ENSG00000135709.12	0.843154532397394	8.68110577874186e-30	2	8
ENSG00000162378.12	0.843345476966084	8.19047142115225e-30	3	15
ENSG00000128482.15	0.843433500845557	7.97351918630092e-30	8	7
ENSG00000124574.14	0.844056967877987	6.58969063965131e-30	11	7
ENSG00000166111.9	0.844095973762789	6.51139005078182e-30	2	8
ENSG00000167614.13	0.84414334054754	6.41752732627349e-30	1	18
ENSG00000110514.19	0.844243347060383	6.22367444968148e-30	8	28
ENSG00000166159.10	0.844304052975677	6.10880517490863e-30	2	8
ENSG00000099365.10	0.844321851110315	6.07552160777432e-30	2	8
ENSG00000169612.3	0.844399534066395	5.93231250298005e-30	6	15
ENSG00000129151.8	0.844499251794569	5.75330874735497e-30	1	16
ENSG00000112186.11	0.844719747009279	5.37602875313882e-30	8	3
ENSG00000085733.15	0.844964959385481	4.984822197209e-30	11	6
ENSG00000145721.11	0.845059353064854	4.84176481649877e-30	1	16
ENSG00000102385.12	0.845119356691675	4.75292083509005e-30	8	28
ENSG00000166206.14	0.845367525103429	4.40208984000491e-30	8	3
ENSG00000101850.12	0.845427896598651	4.32064728960381e-30	1	16
ENSG00000204899.5	0.845633096773813	4.05468419363454e-30	3	15
ENSG00000204851.6	0.845884653666821	3.75039659180211e-30	8	2
ENSG00000054598.6	0.846075366864397	3.53469120222778e-30	20	21
ENSG00000019505.7	0.846183010196858	3.41834457835756e-30	2	8
ENSG00000074317.10	0.846233173111254	3.36541230117412e-30	8	2
ENSG00000169169.14	0.846397649996044	3.19741250188904e-30	8	7
ENSG00000110514.19	0.846633187434183	2.97101793128293e-30	8	7
ENSG00000156735.10	0.846817718928664	2.80466500222785e-30	3	15
ENSG00000110427.14	0.846843021588267	2.78257665706471e-30	2	3
ENSG00000169976.6	0.846844886195077	2.78095566163556e-30	25	6
ENSG00000175324.9	0.847495226416828	2.26840670189838e-30	6	11
ENSG00000136522.13	0.847638600780796	2.16850591891578e-30	6	11
ENSG00000203772.7	0.84766995970775	2.1472355490196e-30	2	8
ENSG00000127481.14	0.847912802468949	1.98927896024568e-30	11	7
ENSG00000135127.11	0.847960348658304	1.95971003825039e-30	8	2
ENSG00000101489.19	0.848378858504173	1.71730557163415e-30	3	2
ENSG00000003756.16	0.848393434174706	1.70941419386706e-30	11	6
ENSG00000158715.5	0.848854029130596	1.47750772933712e-30	9	12
ENSG00000068078.17	0.84899635103921	1.41228482742539e-30	1	18
ENSG00000147669.10	0.849014171665884	1.40431893700155e-30	6	15
ENSG00000164125.15	0.849209738556483	1.3197339763584e-30	1	16
ENSG00000139625.12	0.849333083732496	1.26896812850038e-30	11	7
ENSG00000103197.16	0.849712382269619	1.12452417605313e-30	11	7
ENSG00000214456.8	0.84977940479924	1.10072834763169e-30	1	18
ENSG00000164885.12	0.849862885767128	1.07177644277948e-30	2	3
ENSG00000148798.10	0.849882765336356	1.06499252183903e-30	3	2
ENSG00000133226.16	0.850659959254163	8.30276321810807e-31	11	12
ENSG00000223572.9	0.850664610552332	8.29036619245978e-31	8	3
ENSG00000100346.17	0.850909019341376	7.66378506202035e-31	2	8
ENSG00000137497.17	0.850924037910948	7.62682994501615e-31	11	6
ENSG00000088538.12	0.85100969442246	7.41936659388973e-31	8	28
ENSG00000163285.7	0.851057847793974	7.30516977794572e-31	1	16
ENSG00000167315.17	0.851112286143906	7.17813608120412e-31	1	16
ENSG00000115414.18	0.851199032748162	6.9801580537073e-31	20	21
ENSG00000100033.16	0.851213810798425	6.94696699286613e-31	1	18
ENSG00000124222.22	0.851444994879167	6.4473781629627e-31	11	6
ENSG00000164061.4	0.85204230706156	5.31354843676682e-31	2	8
ENSG00000164068.15	0.852221647427605	5.01293800275982e-31	8	7
ENSG00000174996.11	0.852707865844979	4.27910148895553e-31	2	8
ENSG00000183230.16	0.852876388974206	4.05013721227457e-31	9	5
ENSG00000109046.14	0.853085587830859	3.78251722911082e-31	11	12
ENSG00000183495.13	0.853339888528621	3.4804015672323e-31	11	7
ENSG00000105376.4	0.853580151954277	3.21670038196139e-31	2	8
ENSG00000213983.11	0.853999410382103	2.80254433259797e-31	11	7
ENSG00000198853.11	0.85429181224008	2.54504268690461e-31	2	8
ENSG00000272031.2	0.854477949282137	2.39332608566113e-31	2	8
ENSG00000250317.8	0.854641736099882	2.26716489425492e-31	16	25
ENSG00000006116.3	0.854839105352169	2.12375199457844e-31	2	8
ENSG00000187764.11	0.855330452364018	1.80414504252483e-31	9	12
ENSG00000182087.12	0.855369291704918	1.78098901161937e-31	12	11
ENSG00000142686.7	0.855418472063253	1.75208413170811e-31	2	3
ENSG00000100813.14	0.855763999564416	1.56154320903654e-31	11	6
ENSG00000214655.10	0.855991611466763	1.44725596798501e-31	11	6
ENSG00000128708.12	0.856453048977833	1.24008841772967e-31	28	7
ENSG00000143442.21	0.857063284673718	1.01009964290619e-31	11	6
ENSG00000174672.15	0.858167488334254	6.95195453429617e-32	8	7
ENSG00000165730.14	0.858489726336457	6.2301311422849e-32	1	16
ENSG00000020181.17	0.859200107254974	4.88791752936855e-32	21	27
ENSG00000198853.11	0.859345419366739	4.65048451856515e-32	2	28
ENSG00000128159.11	0.859616924250699	4.23669580524173e-32	11	7
ENSG00000197457.9	0.860072194245688	3.62220749291754e-32	2	8
ENSG00000100994.11	0.860188591540368	3.47965105911288e-32	1	18
ENSG00000170471.14	0.860215937598635	3.44696334351841e-32	11	25
ENSG00000156860.15	0.860420056015389	3.21227652084569e-32	11	6
ENSG00000163462.17	0.860664555922181	2.951663622374e-32	8	28
ENSG00000135127.11	0.86102438939761	2.60531381808165e-32	8	28
ENSG00000112893.9	0.861072303879825	2.56230333356549e-32	9	12
ENSG00000157152.16	0.862005204777279	1.8506782957223e-32	2	8
ENSG00000198910.12	0.86272873503301	1.43558731769586e-32	8	28
ENSG00000138593.8	0.862789491452724	1.40520201940804e-32	9	5
ENSG00000167615.16	0.862801151107012	1.39944316935044e-32	11	6
ENSG00000153814.11	0.863878262194982	9.56062349365234e-33	3	15
ENSG00000066027.11	0.864384501987677	7.98411217730124e-33	1	16
ENSG00000033627.16	0.864518601691044	7.61102736753885e-33	8	7
ENSG00000171450.5	0.864639993859375	7.28803139050043e-33	2	8
ENSG00000167654.17	0.864662938523466	7.22850521771474e-33	2	28
ENSG00000077585.13	0.865938564879607	4.57086677752545e-33	1	16
ENSG00000176749.8	0.866657358135995	3.52318061221167e-33	3	8
ENSG00000264112.1	0.867398194917532	2.68976200235439e-33	11	7
ENSG00000134851.12	0.868486474117908	1.80397790362333e-33	9	12
ENSG00000075340.22	0.869275681928454	1.34726568516389e-33	2	3
ENSG00000172239.13	0.869427028784761	1.27364027790442e-33	6	7
ENSG00000018625.14	0.8695728669558	1.20642361458333e-33	1	18
ENSG00000139200.13	0.870013915735116	1.02356512446002e-33	2	8
ENSG00000084764.10	0.870546194105046	8.3872110080739e-34	2	8
ENSG00000008710.19	0.871278895726843	6.36681113028107e-34	11	7
ENSG00000163704.11	0.87143348021711	6.00585903683586e-34	2	8
ENSG00000100554.11	0.871989446760241	4.86567497317109e-34	3	15
ENSG00000176248.8	0.872027004401989	4.79679468296086e-34	12	11
ENSG00000155093.17	0.872035400087843	4.78152799101638e-34	3	2
ENSG00000074755.14	0.872501048106958	4.00524692401363e-34	11	6
ENSG00000130540.13	0.872846558250715	3.51031807851204e-34	2	3
ENSG00000197894.10	0.873261114764342	2.99498905337476e-34	1	16
ENSG00000135002.11	0.873262861103536	2.99298311606605e-34	3	15
ENSG00000184144.11	0.873617993124036	2.61121754004913e-34	9	12
ENSG00000169247.11	0.874242939268066	2.05173976489104e-34	12	9
ENSG00000103723.12	0.874269349812407	2.03088076987383e-34	8	7
ENSG00000011347.9	0.874310097359652	1.9991046239174e-34	2	8
ENSG00000160716.5	0.875125456621278	1.45641712909326e-34	2	8
ENSG00000127054.20	0.875206858946141	1.41091377355845e-34	11	6
ENSG00000012171.19	0.876931758640193	7.16315259311792e-35	9	12
ENSG00000198089.15	0.876945473137867	7.12435915361526e-35	11	7
ENSG00000131584.18	0.877782180568457	5.10889880246962e-35	11	7
ENSG00000132541.10	0.877917064803197	4.84113009328443e-35	1	16
ENSG00000128567.16	0.878373182987106	4.03346986460408e-35	20	21
ENSG00000100767.15	0.878948389376694	3.20081007455997e-35	1	18
ENSG00000168303.6	0.879288980464628	2.78970910606649e-35	6	11
ENSG00000178171.10	0.879542381382812	2.51781698043119e-35	2	8
ENSG00000185274.11	0.880074209580775	2.02875492321913e-35	2	8
ENSG00000168490.13	0.88070728624703	1.56674054038256e-35	2	8
ENSG00000167654.17	0.881123412317954	1.32092608174897e-35	2	8
ENSG00000198794.11	0.88132011574901	1.21827687498237e-35	2	8
ENSG00000185033.14	0.88200089887633	9.19754094259057e-36	1	18
ENSG00000177679.15	0.88419131842462	3.67904360904647e-36	8	7
ENSG00000167978.16	0.885467091746876	2.13917539528525e-36	11	6
ENSG00000172508.10	0.888287475394442	6.30341877851523e-37	9	12
ENSG00000187164.19	0.888604534515373	5.48314883032014e-37	9	5
ENSG00000149564.11	0.890164338349995	2.7445734401258e-37	20	21
ENSG00000166111.9	0.891211476800275	1.71454455092712e-37	2	3
ENSG00000061936.9	0.8919944920492	1.20224031037302e-37	12	11
ENSG00000075340.22	0.898261311374281	6.33566632404313e-39	2	8
ENSG00000159433.11	0.900649525702224	1.9616350162949e-39	11	12
ENSG00000130540.13	0.903703211867393	4.19191971303997e-40	2	8
ENSG00000124920.13	0.909769926863998	1.66679279411085e-41	9	12
