gene	corr	pvalue	gene_mod	pc_mod
ENSG00000182255.6	0.778037092271461	2.93223014731175e-30	1	6
ENSG00000114383.9	0.778102674777768	2.87901374516371e-30	1	6
ENSG00000171224.8	0.778119941706656	2.86516099544327e-30	1	6
ENSG00000073169.13	0.77823042391527	2.77805996573769e-30	3	2
ENSG00000116117.17	0.778277011620195	2.74211534885923e-30	7	6
ENSG00000070718.11	0.77834017947813	2.69410643742222e-30	1	6
ENSG00000164742.14	0.778407524769099	2.64383107389142e-30	1	6
ENSG00000175582.19	0.778430732159682	2.62672026506677e-30	1	10
ENSG00000160396.8	0.778517797936595	2.56348995169173e-30	1	6
ENSG00000168522.12	0.778676334171365	2.45216887657245e-30	6	5
ENSG00000174469.19	0.778721873186651	2.421078976386e-30	1	6
ENSG00000184307.14	0.778732967651639	2.41356348199688e-30	1	6
ENSG00000149489.8	0.778744664582121	2.40566466626734e-30	6	1
ENSG00000130147.15	0.778957903511777	2.26603437443928e-30	6	5
ENSG00000145864.12	0.779133274761038	2.15718717570251e-30	1	6
ENSG00000117013.14	0.77914185165499	2.15199748777324e-30	1	6
ENSG00000175426.10	0.779284963369191	2.06719007551989e-30	1	6
ENSG00000145526.11	0.779310856755206	2.05220013883098e-30	1	6
ENSG00000008311.14	0.779366543050447	2.02032327983594e-30	7	1
ENSG00000040199.18	0.779527388637244	1.93095349711813e-30	1	6
ENSG00000163453.11	0.779566442995074	1.90984623792828e-30	6	1
ENSG00000140497.16	0.779568579879844	1.90869789732778e-30	6	1
ENSG00000182979.17	0.779668817876507	1.8555857376469e-30	10	9
ENSG00000146670.9	0.779727528205258	1.82515389177026e-30	1	6
ENSG00000144619.14	0.77981620461865	1.78011586884087e-30	1	6
ENSG00000083812.11	0.779923790662611	1.72693640523487e-30	1	6
ENSG00000160539.4	0.780026076562671	1.67782414997778e-30	1	6
ENSG00000113712.17	0.7800546514607	1.66435072621458e-30	2	9
ENSG00000143756.11	0.780076201013593	1.65426013229749e-30	1	9
ENSG00000169744.12	0.780109415143129	1.63882506846079e-30	1	6
ENSG00000119318.12	0.780118193455205	1.63476933690304e-30	1	9
ENSG00000146267.11	0.780124390081285	1.6319123215878e-30	1	6
ENSG00000006530.15	0.780190170972584	1.60188390775927e-30	1	6
ENSG00000169116.11	0.78020536748557	1.5950243192827e-30	1	6
ENSG00000123352.17	0.780280532838184	1.56151695113756e-30	1	6
ENSG00000143061.17	0.7804644366786	1.48242153356099e-30	1	6
ENSG00000171617.13	0.780483491635499	1.47445455578591e-30	1	6
ENSG00000075790.10	0.780651696762485	1.40592561450073e-30	1	9
ENSG00000181804.14	0.780655205401839	1.40452995958087e-30	6	1
ENSG00000118873.15	0.780671668485432	1.39799946644395e-30	1	9
ENSG00000162631.18	0.780676562288506	1.39606396977794e-30	1	6
ENSG00000126950.7	0.780688738959949	1.39125950805915e-30	1	6
ENSG00000111224.13	0.780763216117722	1.36222479010678e-30	1	9
ENSG00000008086.11	0.780919667337355	1.30315594336559e-30	1	6
ENSG00000102181.20	0.780943861889973	1.29424850234855e-30	1	6
ENSG00000234432.4	0.780993447537071	1.27617942634238e-30	1	6
ENSG00000009709.11	0.780994261898128	1.27588474829063e-30	1	6
ENSG00000107295.9	0.781102377812743	1.23735002826236e-30	1	6
ENSG00000166197.16	0.781228410485321	1.19386978237244e-30	1	9
ENSG00000255693.1	0.781268833747744	1.18024438270987e-30	1	6
ENSG00000135069.13	0.781297397292785	1.17070866121449e-30	7	6
ENSG00000117533.14	0.781305777541597	1.16792535453347e-30	1	9
ENSG00000108924.13	0.781349793475239	1.15341277427987e-30	1	6
ENSG00000135148.11	0.781411654570808	1.13331518772349e-30	6	1
ENSG00000109332.19	0.781483205628673	1.1104979393777e-30	2	3
ENSG00000099624.7	0.781492978307203	1.10741669149691e-30	3	2
ENSG00000181924.6	0.781532564328646	1.09502114004342e-30	6	1
ENSG00000266714.6	0.781533137199874	1.09484276052606e-30	6	10
ENSG00000184792.15	0.781575180841686	1.08182885467656e-30	1	6
ENSG00000188730.4	0.78168947792413	1.04721265013994e-30	1	6
ENSG00000146535.13	0.781727994354143	1.03579423879541e-30	6	7
ENSG00000050748.17	0.781788025240004	1.01824096375624e-30	1	6
ENSG00000104722.13	0.781868678410972	9.95116567279859e-31	1	6
ENSG00000152219.4	0.78192352047045	9.79687797281449e-31	1	10
ENSG00000164620.8	0.782074792277271	9.38337051449253e-31	1	6
ENSG00000110148.9	0.782218416964739	9.00664349430019e-31	1	6
ENSG00000100036.12	0.782249180057397	8.92790376484949e-31	1	6
ENSG00000135002.11	0.782325187127803	8.73624511940352e-31	1	10
ENSG00000140455.16	0.782344102297257	8.68917988974453e-31	7	6
ENSG00000072657.8	0.782379044648376	8.60288901244613e-31	1	6
ENSG00000119139.17	0.78241013531064	8.52681747223667e-31	6	1
ENSG00000163444.11	0.782426340134149	8.48743021684919e-31	1	10
ENSG00000141622.13	0.782440515472561	8.45312227124243e-31	1	6
ENSG00000157077.14	0.782469338327682	8.38378281145652e-31	1	6
ENSG00000167778.8	0.782474965297229	8.37031122929876e-31	1	6
ENSG00000149654.9	0.782491575037559	8.33066948931186e-31	1	5
ENSG00000073670.13	0.782496978766263	8.31781241770143e-31	1	6
ENSG00000152219.4	0.782522564299758	8.25720078678791e-31	1	9
ENSG00000213719.8	0.782544156333552	8.20638714020494e-31	6	4
ENSG00000134343.12	0.782618169143791	8.03452721000268e-31	1	6
ENSG00000169641.13	0.782624092808155	8.02092598059738e-31	1	6
ENSG00000087095.12	0.78264629491935	7.97014886494255e-31	1	6
ENSG00000198739.10	0.782657898899981	7.94373577653144e-31	1	6
ENSG00000213625.8	0.782718155833378	7.80795373443409e-31	7	6
ENSG00000134108.12	0.782744725200087	7.74880887546991e-31	1	9
ENSG00000132975.7	0.782902592137856	7.40635005330729e-31	1	6
ENSG00000182827.8	0.782914899532629	7.38028484320703e-31	2	3
ENSG00000247596.8	0.782934333917045	7.33930897310388e-31	1	6
ENSG00000147027.3	0.782944049686625	7.31890784075976e-31	7	11
ENSG00000066422.4	0.783062282552778	7.07505910279864e-31	1	10
ENSG00000174482.10	0.783119393975753	6.96014402866052e-31	1	6
ENSG00000151376.16	0.783195331165631	6.81018255531204e-31	1	6
ENSG00000100297.15	0.78328496043735	6.63725896309338e-31	6	1
ENSG00000162909.17	0.783321756458825	6.56752212942526e-31	7	6
ENSG00000101489.19	0.783349756171231	6.51493863158473e-31	1	6
ENSG00000139973.16	0.783499237357361	6.24112830056585e-31	1	6
ENSG00000100916.13	0.783735079288406	5.83193421712183e-31	1	9
ENSG00000220205.8	0.783892316161237	5.57387644694792e-31	1	6
ENSG00000204186.7	0.783892535641877	5.57352418804592e-31	1	10
ENSG00000186522.14	0.783910271787785	5.54513039475842e-31	5	1
ENSG00000256982.1	0.783959169330503	5.46758357627675e-31	1	6
ENSG00000164484.11	0.783994856461126	5.411660132685e-31	1	10
ENSG00000134490.13	0.784072034302323	5.29263179646996e-31	1	6
ENSG00000154001.13	0.784148361602814	5.17744382109819e-31	1	9
ENSG00000177105.9	0.784196395602544	5.10621951284712e-31	5	6
ENSG00000156345.17	0.784224967735796	5.06431016912731e-31	1	6
ENSG00000147465.11	0.784259798257178	5.01367753980534e-31	1	6
ENSG00000084764.10	0.784275397696769	4.99116227755287e-31	1	6
ENSG00000078246.16	0.784377170415167	4.84668665890049e-31	7	6
ENSG00000196586.13	0.784447167134677	4.74971072889617e-31	6	1
ENSG00000115935.17	0.784476537649921	4.70958936501842e-31	5	6
ENSG00000153531.13	0.784505118833399	4.67086570553296e-31	1	6
ENSG00000198668.10	0.78468422219693	4.43522317610002e-31	1	6
ENSG00000074706.13	0.784698436578667	4.4170295247217e-31	1	6
ENSG00000114686.8	0.784871629413449	4.20115056973173e-31	1	10
ENSG00000010278.12	0.784967946900476	4.08561129038296e-31	5	1
ENSG00000114062.18	0.785233529417866	3.78294272207495e-31	1	9
ENSG00000186188.10	0.785254579277432	3.7599175192285e-31	1	5
ENSG00000163833.7	0.785287886796493	3.72376514093295e-31	1	6
ENSG00000184388.5	0.785357605192309	3.64919302350006e-31	1	6
ENSG00000112232.8	0.785383944082462	3.62140363473702e-31	1	6
ENSG00000168539.3	0.785510778655838	3.49046622299298e-31	1	6
ENSG00000117115.12	0.78552930897611	3.47172973257631e-31	6	1
ENSG00000260838.3	0.785590389983863	3.41066548929311e-31	1	6
ENSG00000140299.11	0.785593977012533	3.40711240646296e-31	6	1
ENSG00000233932.4	0.785617952159739	3.3834572718841e-31	1	6
ENSG00000116396.14	0.785629386117923	3.37223277890761e-31	1	6
ENSG00000159082.17	0.785683765203328	3.31934822231146e-31	1	6
ENSG00000187486.5	0.785816025145572	3.19409764247423e-31	1	6
ENSG00000003402.19	0.785912407525789	3.10575718664627e-31	6	1
ENSG00000143727.15	0.785915925514709	3.1025785148426e-31	1	9
ENSG00000152413.14	0.785947131984686	3.07452141769089e-31	1	6
ENSG00000106052.13	0.785962748738833	3.06057437023015e-31	9	2
ENSG00000137216.18	0.786029292192963	3.00183845603596e-31	1	6
ENSG00000132825.6	0.786149287589779	2.8987058610225e-31	7	11
ENSG00000183020.13	0.786305010052063	2.77003861712387e-31	1	6
ENSG00000132004.12	0.786314837577771	2.76210931647802e-31	1	6
ENSG00000140945.16	0.786422134201368	2.67697396428715e-31	1	6
ENSG00000127870.16	0.786471685760517	2.63853154561827e-31	1	10
ENSG00000114030.12	0.786653940264845	2.50174333978033e-31	1	9
ENSG00000109099.13	0.786778513438538	2.41227736607251e-31	6	1
ENSG00000218336.8	0.787030761058009	2.24062948699347e-31	1	6
ENSG00000184743.12	0.787045008581337	2.23130061784301e-31	6	1
ENSG00000157470.11	0.787207691842235	2.12744636719872e-31	1	6
ENSG00000078053.16	0.787325802194447	2.05503468412802e-31	1	6
ENSG00000146352.12	0.787925808588781	1.72293922615067e-31	1	6
ENSG00000143179.14	0.787971500549801	1.69992747281306e-31	1	6
ENSG00000129353.14	0.787994973330851	1.68822350509036e-31	7	6
ENSG00000175175.5	0.788034558570169	1.66866450366342e-31	1	6
ENSG00000124243.17	0.788079077497379	1.64693346855415e-31	1	6
ENSG00000134419.15	0.788178543989177	1.5993796838631e-31	6	1
ENSG00000186732.13	0.788396410121623	1.49988044158769e-31	1	6
ENSG00000108639.7	0.788572203304634	1.42404803442012e-31	5	1
ENSG00000184384.13	0.788580852286567	1.42041587170717e-31	7	6
ENSG00000162636.15	0.788837923943616	1.3165144143829e-31	1	6
ENSG00000089159.16	0.78898573215986	1.26019179024575e-31	6	1
ENSG00000060709.14	0.789072355367272	1.22829041170823e-31	1	6
ENSG00000170500.12	0.789181889330539	1.18908462867032e-31	1	6
ENSG00000106052.13	0.789220873722559	1.17542942717186e-31	9	3
ENSG00000164076.16	0.789269273592026	1.15869028945367e-31	1	6
ENSG00000110756.17	0.789288138377729	1.15222946316871e-31	6	1
ENSG00000155096.13	0.789458135023709	1.0955816384109e-31	9	3
ENSG00000069329.16	0.789510611412578	1.07865389588463e-31	1	10
ENSG00000138085.16	0.789578752227531	1.05705585876158e-31	6	1
ENSG00000090316.15	0.789620976689939	1.0438859677065e-31	1	6
ENSG00000157542.9	0.789658767803001	1.03223553630136e-31	1	6
ENSG00000157219.3	0.789821274025578	9.83575114854313e-32	1	6
ENSG00000129636.12	0.789839626921796	9.78223166871308e-32	1	6
ENSG00000061676.14	0.789872491119183	9.68710872217838e-32	1	10
ENSG00000135932.10	0.789991648108889	9.34977179501993e-32	1	10
ENSG00000115977.18	0.790027111408621	9.25162022347407e-32	1	6
ENSG00000237190.3	0.790033289845358	9.23462397496871e-32	1	6
ENSG00000149970.14	0.790125299891426	8.98511158345871e-32	1	6
ENSG00000198910.12	0.7902428436027	8.67596678666768e-32	1	6
ENSG00000157110.15	0.790377402399556	8.33487786374258e-32	6	1
ENSG00000118160.13	0.790414966920426	8.24203076162657e-32	1	6
ENSG00000167378.8	0.790518360852384	7.99168689834126e-32	1	6
ENSG00000119801.12	0.790571201182808	7.86664449393948e-32	1	10
ENSG00000100478.14	0.79076831518595	7.41691036826693e-32	1	6
ENSG00000135387.20	0.790878806828661	7.17595619346278e-32	2	3
ENSG00000064961.18	0.790926837063814	7.07362660723617e-32	6	1
ENSG00000112851.14	0.790930157851692	7.06660477693478e-32	5	6
ENSG00000040608.13	0.791004894297992	6.91037173621398e-32	1	6
ENSG00000124313.13	0.79111681027407	6.6827377882691e-32	1	6
ENSG00000100299.17	0.791169459821022	6.57821227728503e-32	3	10
ENSG00000157152.16	0.79123760829898	6.44529711633346e-32	1	6
ENSG00000198133.8	0.791322645341528	6.28313593575979e-32	1	6
ENSG00000152128.13	0.791577074987523	5.82150021678577e-32	1	6
ENSG00000163818.16	0.791688668873288	5.62968809380043e-32	1	10
ENSG00000081189.15	0.792072636855005	5.01592699300411e-32	1	6
ENSG00000124126.13	0.792089775862981	4.9901198300091e-32	6	5
ENSG00000014641.17	0.792270073798441	4.72641161337161e-32	1	6
ENSG00000138757.14	0.79230391745164	4.67845926595204e-32	1	10
ENSG00000182400.14	0.792397900549111	4.54778749338025e-32	1	6
ENSG00000108797.11	0.792450210197606	4.47661669515812e-32	1	6
ENSG00000170456.15	0.792460579573155	4.46263889316967e-32	1	10
ENSG00000166206.14	0.792517976941447	4.38603943740885e-32	1	6
ENSG00000162377.5	0.792548088383112	4.34637207419119e-32	1	6
ENSG00000116266.10	0.79266476755928	4.19596407298695e-32	5	1
ENSG00000140798.15	0.792898526610088	3.90984378485822e-32	1	6
ENSG00000124126.13	0.792941407373642	3.85947813116667e-32	6	1
ENSG00000104388.14	0.793061601779312	3.72167421676394e-32	1	10
ENSG00000187239.16	0.793206037432961	3.56245721225901e-32	5	6
ENSG00000073464.11	0.79321542082932	3.55234809407791e-32	1	6
ENSG00000136451.8	0.793364453039617	3.3955149891869e-32	6	5
ENSG00000273032.1	0.793371890814686	3.38786859492354e-32	1	6
ENSG00000155304.5	0.793562943087578	3.19715002666244e-32	1	10
ENSG00000124134.8	0.79361352755286	3.14844478126561e-32	1	6
ENSG00000243232.4	0.793719693169656	3.04858003375866e-32	1	6
ENSG00000103353.15	0.793726982903389	3.04183821105993e-32	1	10
ENSG00000235711.4	0.793771350834186	3.00111961061134e-32	1	6
ENSG00000152784.15	0.793837503935836	2.94139965979302e-32	1	6
ENSG00000049245.12	0.793903856635099	2.88267198327683e-32	6	5
ENSG00000149679.11	0.793924244788708	2.86485910240131e-32	1	6
ENSG00000100325.14	0.794168391597622	2.65976729849828e-32	6	1
ENSG00000163110.14	0.794180050036955	2.65034309455769e-32	7	6
ENSG00000109472.13	0.79418173431807	2.64898430401175e-32	7	11
ENSG00000164100.8	0.794334161175608	2.52880484102571e-32	1	6
ENSG00000151502.10	0.794424119454746	2.46040742542956e-32	1	6
ENSG00000189067.12	0.794538291558975	2.37621031490527e-32	5	1
ENSG00000127824.13	0.794675076284175	2.27905638515123e-32	1	6
ENSG00000185896.10	0.794675430907695	2.27880964750439e-32	6	1
ENSG00000147676.13	0.794761714489113	2.2195488153409e-32	1	6
ENSG00000176788.8	0.794874550267886	2.14432991964973e-32	1	6
ENSG00000136147.17	0.794972240317993	2.08123320297111e-32	6	1
ENSG00000149654.9	0.794996609399477	2.06577981280701e-32	1	6
ENSG00000166579.15	0.795060294868265	2.02592431722547e-32	1	6
ENSG00000162738.5	0.795135254072537	1.97998007834461e-32	7	6
ENSG00000129562.10	0.795152359140351	1.96964021632039e-32	6	1
ENSG00000104904.12	0.795184289498413	1.95048026131638e-32	1	6
ENSG00000132879.13	0.79531264887972	1.87528709231387e-32	1	6
ENSG00000164889.13	0.795353538899058	1.85193694966147e-32	6	1
ENSG00000165495.15	0.795505442645356	1.7676663331183e-32	1	6
ENSG00000123643.12	0.795608353613939	1.71272656182741e-32	1	6
ENSG00000165097.13	0.795617653943664	1.70784492697718e-32	7	11
ENSG00000172260.14	0.795622819263475	1.70513961411905e-32	1	6
ENSG00000265972.5	0.795633371765603	1.69962586098252e-32	6	1
ENSG00000145242.13	0.795738361074723	1.64571300873827e-32	1	6
ENSG00000171208.9	0.795932185905377	1.55055819457822e-32	1	6
ENSG00000133958.13	0.795958004178379	1.53829808364063e-32	1	6
ENSG00000120265.16	0.79597489259358	1.53032996766498e-32	1	6
ENSG00000149582.15	0.796016737150366	1.51076149084348e-32	1	6
ENSG00000115419.12	0.796236756842795	1.41184303126387e-32	1	6
ENSG00000008277.14	0.7963878742259	1.34761551482303e-32	1	6
ENSG00000104164.10	0.79654530203521	1.28375771174821e-32	1	10
ENSG00000087884.14	0.79658635371442	1.26760026992918e-32	6	1
ENSG00000283183.1	0.79664778038432	1.2437957408962e-32	1	6
ENSG00000206503.12	0.796710516392538	1.21993697281742e-32	6	1
ENSG00000168522.12	0.796725328565907	1.2143697502838e-32	6	1
ENSG00000102753.9	0.796785803966781	1.19189749537678e-32	1	9
ENSG00000182256.12	0.796932234142263	1.13916262156727e-32	1	6
ENSG00000135454.13	0.797021276759551	1.10822249922946e-32	1	6
ENSG00000177105.9	0.79709080063162	1.08463970109389e-32	5	1
ENSG00000198915.11	0.797158391314073	1.06218531737925e-32	1	6
ENSG00000116106.11	0.797275799467041	1.02426113876112e-32	1	6
ENSG00000114573.9	0.797347759585032	1.00167774836536e-32	1	6
ENSG00000013364.18	0.797378483831521	9.92185105529659e-33	6	1
ENSG00000137710.14	0.797523654525565	9.48514224430456e-33	6	5
ENSG00000067221.13	0.797559738348657	9.37955616196217e-33	1	6
ENSG00000101977.19	0.797666076554389	9.0750631495435e-33	1	6
ENSG00000197712.11	0.797826456039292	8.63409781922828e-33	6	1
ENSG00000166159.10	0.798040594070454	8.07797839411877e-33	1	6
ENSG00000174684.6	0.798152315006153	7.80195779302349e-33	1	6
ENSG00000049130.14	0.798243408589603	7.5837720482701e-33	1	10
ENSG00000174021.10	0.798244925564208	7.58018981627956e-33	6	1
ENSG00000116199.11	0.798247996650237	7.57294274222915e-33	1	6
ENSG00000170027.6	0.798310516804504	7.42687951334464e-33	1	6
ENSG00000171132.13	0.798382431062494	7.26228825081976e-33	1	6
ENSG00000214376.5	0.798439326866611	7.13461259999942e-33	1	6
ENSG00000143815.14	0.79860228582804	6.78100125169959e-33	6	1
ENSG00000137726.16	0.798816502872192	6.34223454927007e-33	1	6
ENSG00000198380.12	0.798895651502028	6.18727613909291e-33	1	10
ENSG00000172264.16	0.7989625642749	6.05917816442777e-33	1	6
ENSG00000117069.14	0.799021758583126	5.94802986702652e-33	1	6
ENSG00000160963.13	0.799033423893807	5.92636343815378e-33	1	6
ENSG00000165731.18	0.799064012867861	5.8699167393748e-33	1	6
ENSG00000012983.11	0.799209540734237	5.60851913667414e-33	6	5
ENSG00000108947.4	0.799267042402831	5.5084153338825e-33	1	6
ENSG00000154429.10	0.799350265524461	5.36663365795243e-33	1	10
ENSG00000246705.4	0.799379235594383	5.31812508960932e-33	6	1
ENSG00000113327.15	0.799789988765442	4.6749535762534e-33	1	6
ENSG00000174145.7	0.799931896300378	4.47101943778012e-33	1	6
ENSG00000133627.17	0.799982392317518	4.40058043787311e-33	1	6
ENSG00000011677.12	0.800130981074321	4.19956884036291e-33	1	6
ENSG00000243749.1	0.800137708617332	4.19068438369957e-33	6	1
ENSG00000169758.12	0.800164659200454	4.15527788876045e-33	1	6
ENSG00000180530.10	0.800383232139806	3.87877297586002e-33	1	9
ENSG00000159658.10	0.800430823140312	3.82100774877948e-33	7	1
ENSG00000141384.12	0.800448930529403	3.79925185851507e-33	1	6
ENSG00000156097.12	0.800508005091667	3.7291165957526e-33	1	6
ENSG00000110786.17	0.800561361914893	3.66686339072074e-33	1	6
ENSG00000163995.19	0.800574049268488	3.65221147535942e-33	1	6
ENSG00000166501.12	0.800656445033976	3.55844655728228e-33	1	6
ENSG00000168785.7	0.800710705385648	3.49799445573308e-33	1	6
ENSG00000215218.3	0.800721552449236	3.48603113752547e-33	1	6
ENSG00000101557.14	0.800729659492338	3.47711605660517e-33	1	9
ENSG00000126777.17	0.800764984716742	3.43853054136737e-33	6	1
ENSG00000065923.9	0.800853240271193	3.34395765711607e-33	1	6
ENSG00000165832.5	0.800958801166866	3.23419122687569e-33	1	10
ENSG00000189410.11	0.800975770179459	3.21687944375124e-33	1	6
ENSG00000160789.19	0.801142903343336	3.05115936246365e-33	6	1
ENSG00000104343.19	0.801168320707455	3.02670259212e-33	1	10
ENSG00000135929.8	0.801180872239645	3.0146965250206e-33	6	5
ENSG00000182158.14	0.801275627467315	2.92555597821381e-33	6	1
ENSG00000131100.12	0.801291702668637	2.91069230432153e-33	1	6
ENSG00000065665.20	0.801311535472618	2.89245638130661e-33	1	6
ENSG00000137040.9	0.801320348230866	2.88438924957959e-33	1	10
ENSG00000107105.14	0.801398379523094	2.81391722261984e-33	1	6
ENSG00000167315.17	0.801400627491818	2.81191228673596e-33	7	6
ENSG00000172757.12	0.801497608911358	2.72673871788186e-33	1	6
ENSG00000011332.19	0.801797192588748	2.47931714540616e-33	1	6
ENSG00000153933.9	0.802027439996958	2.30427221526535e-33	1	6
ENSG00000119737.5	0.802092857878266	2.25679242757649e-33	7	11
ENSG00000156564.8	0.802201949947937	2.17974256309479e-33	1	6
ENSG00000139826.5	0.802266446712905	2.13541100591448e-33	1	10
ENSG00000198932.12	0.802278843869313	2.12699190661104e-33	1	6
ENSG00000082701.14	0.802352689465706	2.07751343667449e-33	1	6
ENSG00000102178.12	0.802554088031084	1.94824463067752e-33	1	6
ENSG00000183662.10	0.802572782121842	1.93665430782198e-33	1	6
ENSG00000113578.17	0.802623322543958	1.90565721851924e-33	5	6
ENSG00000144959.9	0.802631252047149	1.90083837598924e-33	1	6
ENSG00000152642.10	0.802743475423505	1.83390862037658e-33	1	6
ENSG00000167550.10	0.802864483899796	1.76433197513247e-33	1	6
ENSG00000105854.12	0.802966873714696	1.70749049466942e-33	7	6
ENSG00000177875.4	0.803019268241059	1.67910335226673e-33	1	6
ENSG00000241973.10	0.803102390333739	1.63501632710929e-33	1	6
ENSG00000125966.9	0.803299587688074	1.53492212541658e-33	1	6
ENSG00000111647.12	0.803525828599899	1.42748478057931e-33	1	9
ENSG00000135631.16	0.803588892090209	1.39887713002389e-33	1	6
ENSG00000205581.10	0.80366982023373	1.36298915319269e-33	6	1
ENSG00000177889.9	0.803687121087936	1.35543514161414e-33	1	9
ENSG00000135931.17	0.803699801836885	1.34992451772398e-33	1	6
ENSG00000157064.10	0.803818910265442	1.29922633221332e-33	1	6
ENSG00000109099.13	0.803897232427047	1.26691275002909e-33	6	5
ENSG00000145794.16	0.803911062994293	1.26128921319534e-33	6	7
ENSG00000100077.14	0.803994914531452	1.22771612630928e-33	1	6
ENSG00000133101.9	0.80404104486696	1.20962198912975e-33	1	6
ENSG00000182013.17	0.804070201556543	1.19832093539329e-33	1	6
ENSG00000124785.8	0.80420837825052	1.14615861714129e-33	1	6
ENSG00000128656.13	0.804333388364269	1.10089217508287e-33	1	6
ENSG00000182985.17	0.804336100253462	1.09992991158574e-33	7	11
ENSG00000135472.8	0.804348810283183	1.09543099043953e-33	1	6
ENSG00000165801.9	0.8043646148899	1.0898618950937e-33	6	1
ENSG00000162817.6	0.804395526687588	1.0790497132019e-33	1	6
ENSG00000112367.10	0.804400147814	1.07744243508653e-33	1	6
ENSG00000137040.9	0.804419983028194	1.07057019544467e-33	1	9
ENSG00000129515.18	0.804453228542901	1.05914815497664e-33	6	5
ENSG00000116044.15	0.804600426760074	1.00999732221485e-33	6	1
ENSG00000166105.15	0.804752903402008	9.61446668257721e-34	1	6
ENSG00000278727.1	0.80476946835033	9.56312259300868e-34	1	6
ENSG00000103316.10	0.804781269285636	9.52670920995267e-34	1	6
ENSG00000148798.10	0.804785278567784	9.51436904453198e-34	1	6
ENSG00000067167.7	0.805014452188027	8.83449137892947e-34	6	1
ENSG00000185760.15	0.805069249960593	8.67913097024335e-34	1	6
ENSG00000108679.12	0.805114966784163	8.5515721809305e-34	6	1
ENSG00000247317.3	0.805228895137347	8.24164719471263e-34	1	6
ENSG00000158560.14	0.805270469227416	8.13132080735501e-34	1	6
ENSG00000214517.9	0.805280608164629	8.10463558565176e-34	1	6
ENSG00000125675.17	0.805328008675158	7.98101623220012e-34	1	6
ENSG00000084207.15	0.805374431322567	7.86174272757212e-34	6	1
ENSG00000173039.18	0.805437160310686	7.70335047034814e-34	6	1
ENSG00000117859.18	0.805476209976423	7.60633634983365e-34	6	5
ENSG00000111218.11	0.805513985345703	7.51363030799896e-34	1	6
ENSG00000121481.10	0.805596401648373	7.31520383603317e-34	1	10
ENSG00000131437.15	0.806037159660566	6.33826836430255e-34	1	6
ENSG00000119396.10	0.80610684245272	6.19603007764916e-34	1	9
ENSG00000078328.19	0.806260280097498	5.89378950899752e-34	1	6
ENSG00000197753.8	0.80637622202851	5.67505821365758e-34	1	6
ENSG00000180370.10	0.806471972505005	5.50044682692527e-34	6	1
ENSG00000077264.14	0.806782023905106	4.97046561742928e-34	1	6
ENSG00000188191.14	0.806907449061973	4.77061929005189e-34	1	6
ENSG00000022355.16	0.807018920001788	4.59964501589777e-34	1	6
ENSG00000110931.18	0.807019538449736	4.59871343387368e-34	1	6
ENSG00000100294.12	0.807041195313535	4.56620782113497e-34	1	6
ENSG00000198934.4	0.80722989062814	4.29237237628906e-34	1	6
ENSG00000077080.9	0.807370995400595	4.0982044568166e-34	1	6
ENSG00000198513.11	0.807434318247774	4.01389827758934e-34	1	6
ENSG00000065978.18	0.807542367823285	3.87396030584289e-34	6	1
ENSG00000111490.12	0.807555659637335	3.85708021718015e-34	1	6
ENSG00000196743.8	0.80757289159051	3.83530380541721e-34	6	1
ENSG00000106993.11	0.80760731038304	3.79216884973565e-34	1	10
ENSG00000134287.9	0.807905390227776	3.43799710216367e-34	1	6
ENSG00000165424.6	0.807956304955515	3.38084021630081e-34	6	5
ENSG00000143570.17	0.808033034731413	3.29646217828336e-34	6	1
ENSG00000111249.13	0.808044780057993	3.28372997940439e-34	1	5
ENSG00000161082.12	0.808090621822397	3.23449698955844e-34	1	6
ENSG00000139998.14	0.80831663056544	3.00217135234153e-34	1	6
ENSG00000113712.17	0.808407086643197	2.91385132510363e-34	2	3
ENSG00000203772.7	0.80858986302157	2.74310795599061e-34	1	6
ENSG00000109436.7	0.808614639234445	2.72073269004985e-34	1	6
ENSG00000163032.11	0.808977476900658	2.41287715014946e-34	1	6
ENSG00000197106.6	0.809001624155993	2.39364956207555e-34	1	6
ENSG00000197324.8	0.809052537071842	2.35360127967714e-34	7	6
ENSG00000240764.3	0.809066368088056	2.34283591470816e-34	1	6
ENSG00000156515.21	0.809191698738519	2.24746390785169e-34	1	6
ENSG00000100300.17	0.809239173234708	2.21234235247205e-34	6	1
ENSG00000105696.8	0.809283392143498	2.18011448633685e-34	1	6
ENSG00000116266.10	0.809293650179402	2.17270431927264e-34	5	6
ENSG00000272031.2	0.809340443982188	2.13921418619941e-34	1	6
ENSG00000178974.9	0.809441274461132	2.06876423642535e-34	1	10
ENSG00000114279.13	0.809616020945082	1.95202757109934e-34	1	6
ENSG00000169105.7	0.809632653072665	1.9412599937886e-34	7	6
ENSG00000184207.8	0.809763790611452	1.85838086572105e-34	1	6
ENSG00000145990.10	0.809823703715807	1.82168201794668e-34	1	6
ENSG00000146242.8	0.809884084140688	1.78541733372286e-34	1	6
ENSG00000071553.16	0.809974023194051	1.73271075131671e-34	1	6
ENSG00000112812.15	0.810063554081354	1.68176213724009e-34	1	6
ENSG00000166913.12	0.810089426008817	1.66731546851332e-34	1	6
ENSG00000130226.16	0.810207393052127	1.60297381368433e-34	1	6
ENSG00000204851.6	0.810506838752762	1.450401724356e-34	1	6
ENSG00000151414.14	0.810534202627602	1.43719271638821e-34	6	5
ENSG00000065548.17	0.81067674181591	1.37027438646144e-34	1	10
ENSG00000136099.13	0.810679615554783	1.36895721638618e-34	1	5
ENSG00000157445.14	0.810970288360009	1.24195861596188e-34	1	6
ENSG00000132872.11	0.81100437534503	1.22784591876922e-34	1	6
ENSG00000198825.12	0.811074877651334	1.199154529308e-34	1	6
ENSG00000051382.8	0.811106016039483	1.18669318768258e-34	1	6
ENSG00000065609.14	0.811152391141928	1.16836967803178e-34	1	6
ENSG00000139977.13	0.811267021212981	1.12426168514659e-34	1	10
ENSG00000158301.18	0.811359825497669	1.08975368962852e-34	1	6
ENSG00000011083.8	0.811590536584728	1.00841162223993e-34	1	6
ENSG00000108395.13	0.811687356577481	9.76080214782916e-35	1	6
ENSG00000087077.13	0.811792135016821	9.4223811244275e-35	7	1
ENSG00000184845.3	0.811810840008796	9.36319085859248e-35	1	6
ENSG00000119446.13	0.81188629159801	9.12811694631788e-35	1	9
ENSG00000113732.8	0.811970553806565	8.87244181809549e-35	6	1
ENSG00000182957.15	0.812019855152421	8.7261237001357e-35	5	1
ENSG00000092096.16	0.812022696366067	8.71776407423205e-35	1	6
ENSG00000169891.17	0.812030337224134	8.6953215901229e-35	1	6
ENSG00000185883.11	0.812220527176261	8.15463300420975e-35	1	6
ENSG00000172380.5	0.812245852364664	8.08517525924828e-35	7	6
ENSG00000125848.9	0.812414110826683	7.63823663875396e-35	1	6
ENSG00000145428.14	0.812497824332106	7.42500408882984e-35	1	6
ENSG00000170579.16	0.812501241416038	7.41642555331153e-35	1	6
ENSG00000185345.18	0.812504746698389	7.40763571322793e-35	1	6
ENSG00000155366.16	0.812542326743994	7.31404064809508e-35	6	1
ENSG00000164117.13	0.812612489494473	7.14239540509378e-35	7	6
ENSG00000131067.16	0.812612589026995	7.14215474322209e-35	1	6
ENSG00000123570.3	0.812637915818189	7.08117472306329e-35	1	6
ENSG00000162426.14	0.812663657209343	7.01972057988898e-35	1	6
ENSG00000129422.14	0.81293723833836	6.3981046972759e-35	5	1
ENSG00000148925.10	0.812951406372964	6.36742951038216e-35	1	10
ENSG00000110675.12	0.812980795466763	6.30425916004091e-35	1	6
ENSG00000101938.14	0.813017481221019	6.22626834113911e-35	7	11
ENSG00000151834.15	0.81307446199118	6.10700758228088e-35	7	11
ENSG00000085377.13	0.813090549681913	6.0737442084229e-35	1	6
ENSG00000125826.20	0.813210666956811	5.8309487268652e-35	6	10
ENSG00000101608.12	0.813383775534261	5.49772792112173e-35	6	1
ENSG00000249550.6	0.813400444660319	5.46664636243089e-35	1	6
ENSG00000154001.13	0.813440294531918	5.39303945212982e-35	1	10
ENSG00000143756.11	0.813449526874894	5.37612574748513e-35	1	10
ENSG00000115520.8	0.813502643788286	5.2798227809015e-35	1	9
ENSG00000180611.6	0.813690063789878	4.95336992803292e-35	1	6
ENSG00000144406.18	0.813724632531741	4.89536168667916e-35	1	6
ENSG00000023697.12	0.813731219445483	4.88438442493403e-35	6	1
ENSG00000067715.13	0.813771472993412	4.81782434203534e-35	1	6
ENSG00000093010.13	0.813809727041747	4.75539656500919e-35	7	1
ENSG00000175077.5	0.813843474889335	4.7009827868838e-35	1	6
ENSG00000187730.8	0.81394880076789	4.5350626579452e-35	1	6
ENSG00000213023.10	0.814046704378088	4.38600114066342e-35	1	6
ENSG00000061918.12	0.814081642806943	4.33398019000138e-35	1	6
ENSG00000104643.9	0.814089310539061	4.32264482294763e-35	1	6
ENSG00000162378.12	0.814150097987538	4.23380617751015e-35	1	6
ENSG00000081760.16	0.814285324987191	4.04256009535324e-35	1	6
ENSG00000084093.16	0.814455004360457	3.81455903698121e-35	6	1
ENSG00000141098.12	0.814670485930134	3.54314817280651e-35	1	6
ENSG00000100320.22	0.814697658130291	3.51029984060568e-35	1	6
ENSG00000152822.13	0.814742337258545	3.45693670968794e-35	1	6
ENSG00000034053.14	0.814896211948255	3.27918185132916e-35	1	6
ENSG00000058335.15	0.814912831908979	3.26052850425956e-35	1	6
ENSG00000010278.12	0.814991824814429	3.17328659007329e-35	5	6
ENSG00000069956.11	0.815247444417929	2.90639722891278e-35	1	10
ENSG00000181754.6	0.815722659608875	2.46754990213231e-35	1	6
ENSG00000117362.12	0.815758791845007	2.43698247605976e-35	7	6
ENSG00000148925.10	0.815759349249682	2.43651384430688e-35	1	6
ENSG00000145029.13	0.815914701953594	2.30929504622247e-35	1	6
ENSG00000175931.12	0.816017941656491	2.22838501880023e-35	1	6
ENSG00000196305.17	0.816192138026705	2.09813407973377e-35	1	9
ENSG00000047597.5	0.816589307326806	1.82848400675891e-35	1	6
ENSG00000169851.15	0.816756717755856	1.72530530981959e-35	1	6
ENSG00000176204.13	0.817056896419654	1.55442852744749e-35	1	6
ENSG00000101846.6	0.817215253665161	1.47109956266511e-35	1	6
ENSG00000099960.12	0.817371135088498	1.39336478073185e-35	1	6
ENSG00000138071.13	0.817651231140541	1.26369826017526e-35	1	9
ENSG00000164292.12	0.817785340146457	1.20588626585382e-35	7	6
ENSG00000157895.11	0.817795476501614	1.20162383762374e-35	1	6
ENSG00000113269.13	0.817828795951714	1.18771674079476e-35	6	5
ENSG00000130958.11	0.817952769791499	1.13734672850241e-35	5	6
ENSG00000164542.12	0.8181653492872	1.05581695687325e-35	1	10
ENSG00000105143.12	0.81820068793769	1.04283204545106e-35	1	6
ENSG00000084754.10	0.818367329003732	9.83684954143491e-36	7	1
ENSG00000067191.15	0.818514499788382	9.34197969348409e-36	1	6
ENSG00000139112.10	0.818630181660488	8.97023765536636e-36	1	6
ENSG00000145911.5	0.818632414025416	8.96320884665116e-36	1	6
ENSG00000111530.12	0.818937596211987	8.0515484293635e-36	1	9
ENSG00000102078.15	0.819183897849159	7.38276491522205e-36	1	6
ENSG00000142230.11	0.819366583850662	6.9222725350259e-36	1	6
ENSG00000204580.13	0.819450381009058	6.72060337395423e-36	7	1
ENSG00000104529.17	0.819502127521977	6.59896320194119e-36	6	1
ENSG00000135932.10	0.819540470278303	6.51022889720211e-36	1	9
ENSG00000128596.16	0.819670935831768	6.21699218112889e-36	1	6
ENSG00000273820.1	0.819718999780585	6.11226685865812e-36	1	6
ENSG00000119946.10	0.819721583927491	6.10668569227202e-36	1	6
ENSG00000150093.18	0.820069920325953	5.39843566852074e-36	6	1
ENSG00000153233.12	0.820192626085757	5.1686971267109e-36	1	6
ENSG00000011347.9	0.820204819948521	5.14639861706038e-36	1	6
ENSG00000213977.7	0.820239821542957	5.08291606876599e-36	6	1
ENSG00000069345.11	0.820412404456523	4.78097928688009e-36	1	10
ENSG00000104164.10	0.820455453470716	4.70845368858416e-36	1	9
ENSG00000072201.13	0.820480242533416	4.66718260295934e-36	1	6
ENSG00000154146.12	0.820865207815447	4.07006489405549e-36	1	6
ENSG00000117362.12	0.821284482652636	3.50499026006657e-36	7	1
ENSG00000169504.14	0.821292180641382	3.4953718297988e-36	5	6
ENSG00000124702.17	0.821365624714645	3.40489972379145e-36	1	6
ENSG00000196277.15	0.821653086706309	3.07239472129799e-36	1	6
ENSG00000104412.7	0.821697525585785	3.02392417744653e-36	6	1
ENSG00000260328.1	0.821704362921682	3.01653353113984e-36	1	6
ENSG00000151025.9	0.821796476551613	2.91867897639495e-36	1	6
ENSG00000198001.13	0.822092081506701	2.62524526548301e-36	6	1
ENSG00000185090.14	0.822117075951563	2.60180727810441e-36	1	6
ENSG00000205562.2	0.822145736891234	2.57518410031063e-36	1	6
ENSG00000157693.14	0.822152888373832	2.56858291822914e-36	1	6
ENSG00000006740.16	0.822224009814254	2.50383245989382e-36	1	6
ENSG00000125844.15	0.822293251270519	2.44233533973866e-36	6	1
ENSG00000013016.15	0.822308072468314	2.42936595168057e-36	1	6
ENSG00000204396.10	0.822800551027901	2.03486534028716e-36	1	6
ENSG00000172350.9	0.822808424894226	2.02909943009039e-36	1	6
ENSG00000130558.19	0.822812821233771	2.02588704584448e-36	1	6
ENSG00000106278.11	0.822837631136238	2.00785201988253e-36	7	6
ENSG00000146147.14	0.822915635580855	1.95216993416082e-36	1	6
ENSG00000134440.11	0.823149293162791	1.79430056174581e-36	1	9
ENSG00000169871.12	0.823177646490228	1.77601878942681e-36	6	1
ENSG00000185475.10	0.82347442575841	1.59531205846592e-36	6	1
ENSG00000152932.7	0.82371633443645	1.46148799724396e-36	1	6
ENSG00000157087.17	0.823754997152092	1.44114777472756e-36	1	6
ENSG00000184185.9	0.823903671920752	1.36549004970295e-36	1	6
ENSG00000139767.8	0.824039270801777	1.29989761544238e-36	1	6
ENSG00000136758.18	0.824169461553767	1.23983866846126e-36	9	2
ENSG00000133985.2	0.824182009020686	1.23419648525095e-36	1	6
ENSG00000204116.11	0.824594512478406	1.06212237817768e-36	1	6
ENSG00000147416.10	0.824786885852698	9.90159745431989e-37	1	6
ENSG00000135750.14	0.824857120803002	9.65098731854123e-37	1	6
ENSG00000166448.14	0.82488177791684	9.56449324786736e-37	1	6
ENSG00000111652.9	0.824881887152213	9.56411176369439e-37	1	6
ENSG00000004961.14	0.824896096932464	9.51461401714477e-37	1	10
ENSG00000261115.5	0.825043881053133	9.01452125101277e-37	1	6
ENSG00000164588.6	0.825055118970906	8.97756743024249e-37	1	6
ENSG00000128285.4	0.825082123151931	8.88937667363557e-37	1	6
ENSG00000114166.7	0.825120080756567	8.76685166591032e-37	7	6
ENSG00000158882.14	0.825122903335336	8.75780711779352e-37	1	6
ENSG00000204442.3	0.825177380412284	8.58502852871169e-37	1	6
ENSG00000174514.12	0.825355883995261	8.04202823780677e-37	1	6
ENSG00000171303.6	0.82553793603318	7.52301849754549e-37	1	6
ENSG00000118733.16	0.82571744333231	7.04353596992465e-37	1	6
ENSG00000091157.13	0.825761812463416	6.92972873381468e-37	1	6
ENSG00000104324.15	0.825994772304362	6.36119523249487e-37	6	1
ENSG00000186522.14	0.826119712169732	6.07543076210352e-37	5	6
ENSG00000162374.16	0.826311971070534	5.66016006059744e-37	1	6
ENSG00000185518.11	0.826490164725992	5.30024631565208e-37	1	6
ENSG00000143013.12	0.826584617946948	5.11869021907558e-37	1	6
ENSG00000157680.15	0.826699897035659	4.9053685896251e-37	1	6
ENSG00000121905.9	0.826913513377912	4.53292008257167e-37	1	6
ENSG00000089199.9	0.826937073295179	4.49358455675613e-37	1	6
ENSG00000089723.9	0.826958321679089	4.45839615277723e-37	1	6
ENSG00000165175.15	0.827003196991439	4.38496778032952e-37	6	5
ENSG00000172292.14	0.827052018554723	4.3064317301082e-37	1	6
ENSG00000101152.10	0.827171234505447	4.12041891281882e-37	1	6
ENSG00000213424.8	0.827200959120899	4.07528328504712e-37	1	6
ENSG00000198908.11	0.827461235955235	3.70026233658771e-37	1	6
ENSG00000130958.11	0.827722261364702	3.35827370293252e-37	5	1
ENSG00000127445.13	0.827803790889849	3.25796783165277e-37	1	6
ENSG00000159915.12	0.827856595599187	3.19457922687239e-37	1	6
ENSG00000139697.13	0.827975053881221	3.05675398337299e-37	1	6
ENSG00000115194.10	0.827993620352206	3.03568847218357e-37	1	6
ENSG00000168546.10	0.828172891562732	2.83948798729721e-37	1	6
ENSG00000168490.13	0.82851948924723	2.49484605373659e-37	1	6
ENSG00000146425.10	0.828880007084264	2.18000094112128e-37	6	1
ENSG00000149932.16	0.829069027336772	2.030881779783e-37	6	1
ENSG00000177182.10	0.829329354289317	1.84179902427307e-37	1	6
ENSG00000188352.12	0.829470441712393	1.74666676625269e-37	1	6
ENSG00000122733.12	0.829572012556227	1.68118607172893e-37	1	6
ENSG00000133083.14	0.829756624074341	1.56829062507086e-37	1	6
ENSG00000170348.8	0.82993532390257	1.46611983409366e-37	6	1
ENSG00000164112.12	0.82995857250227	1.45331802564477e-37	1	6
ENSG00000058091.16	0.830160218778089	1.34679287302033e-37	1	6
ENSG00000073712.14	0.830390917827421	1.234310426547e-37	7	6
ENSG00000084731.14	0.830512118017758	1.17896999897033e-37	1	6
ENSG00000165973.18	0.830567452834339	1.15452180086538e-37	1	6
ENSG00000144645.13	0.830630153017966	1.12742121359691e-37	1	6
ENSG00000197872.11	0.830681274185021	1.10578885607009e-37	1	6
ENSG00000185933.6	0.830708503219587	1.09443369359092e-37	1	6
ENSG00000144331.18	0.830807482186713	1.05411424282714e-37	1	6
ENSG00000102385.12	0.831140751661139	9.28796742727999e-38	1	6
ENSG00000138134.11	0.831150683784017	9.25296054986473e-38	1	6
ENSG00000152495.10	0.831265707241564	8.85687417925706e-38	1	6
ENSG00000105649.9	0.831402952638745	8.40602594558643e-38	1	6
ENSG00000135929.8	0.831566639012704	7.89774208835514e-38	6	1
ENSG00000117152.13	0.83165035821935	7.649575601561e-38	1	6
ENSG00000132639.12	0.831815877363823	7.18127457966305e-38	1	6
ENSG00000143164.15	0.832108893792022	6.420353538471e-38	1	6
ENSG00000167770.11	0.832215715709982	6.16314611288319e-38	1	6
ENSG00000277531.2	0.832301130503911	5.96479313507942e-38	1	6
ENSG00000135622.12	0.832470462795843	5.58993301791918e-38	1	6
ENSG00000154917.10	0.832592326992518	5.33458133704902e-38	1	6
ENSG00000173227.13	0.832592336291529	5.33456229644884e-38	1	6
ENSG00000165061.14	0.832673624795057	5.17064326940936e-38	1	6
ENSG00000126214.21	0.832746746910093	5.02742754533374e-38	1	6
ENSG00000105509.10	0.832798754131288	4.92794683417808e-38	1	6
ENSG00000164794.8	0.832799074594978	4.92733988083682e-38	1	6
ENSG00000143155.12	0.832802517209998	4.92082425268271e-38	1	10
ENSG00000172375.12	0.832881179966648	4.77423003725965e-38	1	6
ENSG00000077092.18	0.833158819040018	4.29032877660489e-38	1	6
ENSG00000125851.9	0.833170627617678	4.27085324787799e-38	1	6
ENSG00000171450.5	0.833383113385252	3.93489396203561e-38	1	6
ENSG00000074590.13	0.833423967895461	3.87334364946752e-38	1	6
ENSG00000140015.19	0.833539821036211	3.70390252896532e-38	1	6
ENSG00000172888.11	0.833554601886739	3.68281575966314e-38	6	1
ENSG00000278195.1	0.833756775925584	3.4059629120054e-38	1	6
ENSG00000148842.17	0.83383289513254	3.30711686640911e-38	1	6
ENSG00000158467.16	0.833835162993494	3.30421556292019e-38	7	11
ENSG00000099365.10	0.833882615569694	3.24407944632687e-38	1	6
ENSG00000180720.7	0.834316087324395	2.74225053038398e-38	1	6
ENSG00000144579.7	0.834615412400167	2.44110287762428e-38	6	1
ENSG00000185742.6	0.834833881311728	2.24206616184731e-38	1	6
ENSG00000170786.12	0.834839483426758	2.23717798358209e-38	1	6
ENSG00000106789.12	0.834950735961005	2.14224462969599e-38	1	6
ENSG00000138028.15	0.835125062220196	2.00139606157883e-38	1	6
ENSG00000136854.19	0.835139637912974	1.99004055170014e-38	1	6
ENSG00000164209.16	0.835279950433005	1.88391570899052e-38	1	9
ENSG00000184613.10	0.835318262911575	1.85591823484071e-38	1	6
ENSG00000186377.7	0.835426094305239	1.77929545212317e-38	1	6
ENSG00000104435.13	0.83547340551328	1.74666656954023e-38	1	6
ENSG00000128203.6	0.835597520898334	1.66383775607221e-38	1	6
ENSG00000149269.9	0.835698545534484	1.59927917814025e-38	1	6
ENSG00000174996.11	0.835717463987712	1.5874662772913e-38	1	6
ENSG00000129422.14	0.835766903843175	1.55699886143565e-38	5	6
ENSG00000072133.10	0.836124538402559	1.35308266349671e-38	1	6
ENSG00000198010.12	0.836373212728904	1.22700873649326e-38	1	6
ENSG00000175874.9	0.836376010277868	1.22565825302861e-38	1	6
ENSG00000118402.5	0.836466554609798	1.1827292029539e-38	1	6
ENSG00000131943.17	0.83650225955715	1.16621006058931e-38	1	6
ENSG00000180044.5	0.836756473536475	1.05497542301319e-38	1	6
ENSG00000159164.9	0.836763990378098	1.05185030438044e-38	1	6
ENSG00000050030.13	0.837120123206579	9.13769846347453e-39	1	6
ENSG00000197586.12	0.837203224675855	8.84207745153361e-39	1	6
ENSG00000156687.10	0.837510329845397	7.82893848189499e-39	1	6
ENSG00000040933.15	0.837521505234688	7.79430813175153e-39	1	6
ENSG00000169783.12	0.837909940497413	6.67984916969733e-39	1	6
ENSG00000148606.12	0.837967180778723	6.52945443977074e-39	1	6
ENSG00000183307.3	0.838184583668226	5.98797186677599e-39	1	6
ENSG00000155097.11	0.838213656411559	5.91899213239035e-39	1	10
ENSG00000065559.14	0.838272915188794	5.78080087933926e-39	1	6
ENSG00000104888.9	0.838304766364231	5.70783953155828e-39	1	6
ENSG00000128739.21	0.838503267916921	5.27310714044082e-39	1	6
ENSG00000198108.3	0.838663287527104	4.94649281474573e-39	1	6
ENSG00000116478.11	0.838785794756327	4.70996229042422e-39	6	1
ENSG00000179115.10	0.839014484810553	4.29779270512306e-39	1	6
ENSG00000166111.9	0.839033802960098	4.26464570150076e-39	1	6
ENSG00000160753.15	0.839282811920725	3.85923104182073e-39	1	6
ENSG00000158748.3	0.839614774119185	3.37715802924557e-39	1	6
ENSG00000149575.5	0.839657655047524	3.31937407632443e-39	1	6
ENSG00000164885.12	0.839669792601268	3.30319541145769e-39	1	6
ENSG00000160716.5	0.839942462421389	2.9595011169318e-39	1	6
ENSG00000105355.8	0.840759768080323	2.12645926849091e-39	6	1
ENSG00000147724.11	0.840994018652061	1.93357523031742e-39	1	6
ENSG00000053108.16	0.841010728116425	1.92049336354793e-39	1	6
ENSG00000054356.13	0.841137605263628	1.82395931680051e-39	1	6
ENSG00000110427.14	0.841313033764405	1.6982995603079e-39	1	6
ENSG00000165434.7	0.841570250116882	1.52929813369166e-39	1	6
ENSG00000136531.15	0.842035327968753	1.26466708991304e-39	1	6
ENSG00000163041.9	0.842070424091267	1.24663266047835e-39	6	1
ENSG00000133019.11	0.842503681181208	1.04378027353134e-39	1	6
ENSG00000138029.13	0.842545670871291	1.02593915417162e-39	7	6
ENSG00000185924.6	0.842777552976	9.32681888828465e-40	1	6
ENSG00000088538.12	0.842816484534344	9.17863664173025e-40	1	6
ENSG00000135018.13	0.842839907923568	9.09059964869982e-40	1	9
ENSG00000107518.16	0.843086057889575	8.21420018144946e-40	1	6
ENSG00000009844.15	0.843105652332193	8.14811772456303e-40	1	9
ENSG00000170091.10	0.843700153018252	6.37374766609014e-40	1	6
ENSG00000204052.4	0.843899351559828	5.86889113746801e-40	1	6
ENSG00000111669.14	0.843981912565387	5.67136217563787e-40	1	6
ENSG00000109738.10	0.843990826091935	5.65043132986799e-40	1	6
ENSG00000164938.13	0.844017228933719	5.58887647849292e-40	6	1
ENSG00000130540.13	0.844093830633514	5.41399590404644e-40	1	6
ENSG00000177614.10	0.844221407790333	5.13460532334609e-40	1	6
ENSG00000106976.20	0.844388330061032	4.79036252211681e-40	1	6
ENSG00000132463.13	0.844559837283784	4.46030870169876e-40	1	9
ENSG00000128594.7	0.84473735035307	4.14224952299108e-40	1	6
ENSG00000119446.13	0.844880600357463	3.90193120772385e-40	1	10
ENSG00000125166.12	0.845214917484299	3.39312297281455e-40	1	6
ENSG00000165943.4	0.845222678111905	3.3821222914161e-40	1	6
ENSG00000148180.19	0.845246027694262	3.34923529191927e-40	6	1
ENSG00000173611.17	0.845441061044085	3.08654120816991e-40	1	6
ENSG00000143418.19	0.845503583069624	3.00669862725275e-40	6	5
ENSG00000233508.2	0.845672759918561	2.80069498614267e-40	1	6
ENSG00000104388.14	0.845731738241284	2.73219215222978e-40	1	9
ENSG00000183155.4	0.845888444599599	2.55808085962115e-40	1	6
ENSG00000165379.13	0.845905310178476	2.54000522869233e-40	1	6
ENSG00000181215.14	0.846032737358735	2.40743432683392e-40	1	6
ENSG00000101210.10	0.846074027518323	2.36595491279207e-40	1	6
ENSG00000112640.14	0.846470428985921	2.00184244194385e-40	1	6
ENSG00000172782.11	0.846646615719276	1.85825896471656e-40	1	6
ENSG00000139182.13	0.846704453131917	1.81336979611276e-40	1	6
ENSG00000180035.12	0.846776693295466	1.75879728170878e-40	1	6
ENSG00000164061.4	0.846862156815084	1.69631774014085e-40	1	6
ENSG00000155858.5	0.84736076790555	1.37299371906505e-40	1	6
ENSG00000198216.10	0.84740618766063	1.34674826811356e-40	1	6
ENSG00000189067.12	0.847440074966606	1.32748863970367e-40	5	6
ENSG00000213064.9	0.847609137269505	1.23537585039463e-40	6	1
ENSG00000178171.10	0.847778642772213	1.14933717556596e-40	1	6
ENSG00000151090.17	0.848057269217545	1.02053942972649e-40	1	6
ENSG00000076928.17	0.848735970837665	7.6323947612233e-41	6	10
ENSG00000133424.20	0.848808677201961	7.3978957252395e-41	1	6
ENSG00000006042.11	0.848839789767462	7.29972638054212e-41	6	5
ENSG00000164591.13	0.848990386034169	6.84236327030866e-41	1	6
ENSG00000142408.4	0.849077149138905	6.59177979682982e-41	1	6
ENSG00000162706.12	0.849257748204184	6.09877004376827e-41	1	6
ENSG00000130477.15	0.849571690103423	5.32659852021309e-41	1	6
ENSG00000102468.10	0.849735208620938	4.96334581000062e-41	1	6
ENSG00000135018.13	0.849744274111772	4.94393574603841e-41	1	10
ENSG00000151948.11	0.849970981466594	4.48208651326359e-41	1	6
ENSG00000021645.18	0.85039100964361	3.73578180270422e-41	1	6
ENSG00000151729.10	0.850742936054869	3.20568351009912e-41	1	6
ENSG00000100321.14	0.850933854545527	2.9498119110062e-41	1	6
ENSG00000128245.14	0.850944647758806	2.93596236684331e-41	1	6
ENSG00000143502.14	0.851214510447624	2.60973122433655e-41	1	6
ENSG00000174938.14	0.851284268613053	2.53137261139483e-41	1	6
ENSG00000165300.7	0.851336484417351	2.47423746059839e-41	1	6
ENSG00000161203.13	0.851983742186235	1.8630486907295e-41	1	6
ENSG00000141380.13	0.852076971941704	1.78824835767298e-41	6	1
ENSG00000060140.8	0.852411909805293	1.54309060826041e-41	1	6
ENSG00000277586.2	0.852880352298269	1.25477017465192e-41	1	6
ENSG00000008282.8	0.852952990706305	1.21508688335964e-41	6	1
ENSG00000107758.15	0.853014649758011	1.18237209555705e-41	1	6
ENSG00000158195.10	0.85309912426501	1.13895412664808e-41	6	1
ENSG00000146950.12	0.853227232637693	1.07608421343922e-41	1	6
ENSG00000159720.11	0.853451984509181	9.73926921920124e-42	1	6
ENSG00000132938.19	0.853536610317604	9.37986041814303e-42	1	6
ENSG00000102158.19	0.853984838124634	7.68301065953029e-42	6	1
ENSG00000116299.16	0.854193861888478	6.99870255844977e-42	1	6
ENSG00000102699.5	0.85420554654603	6.96227060369134e-42	6	1
ENSG00000144583.4	0.854272596270077	6.75679114728426e-42	1	6
ENSG00000105223.19	0.854297504714186	6.68198616472336e-42	1	6
ENSG00000143418.19	0.854337778412646	6.56275557283532e-42	6	1
ENSG00000005810.17	0.854641613513187	5.72821276789142e-42	1	6
ENSG00000196090.12	0.854917974786913	5.06030011007109e-42	1	6
ENSG00000185274.11	0.854962078661765	4.96104634965094e-42	1	6
ENSG00000084754.10	0.855014860864931	4.8447764209264e-42	7	6
ENSG00000177674.15	0.855126935258984	4.60670923105537e-42	6	1
ENSG00000162989.4	0.855209543574222	4.43863493334684e-42	1	6
ENSG00000105409.16	0.855259845624165	4.33926001001658e-42	1	6
ENSG00000008311.14	0.85547032641374	3.94664040134445e-42	7	6
ENSG00000172915.18	0.855529683565728	3.84238080928171e-42	1	6
ENSG00000073969.18	0.855575063101855	3.76450385225629e-42	1	6
ENSG00000066248.14	0.855807897084035	3.38870146286664e-42	1	6
ENSG00000093010.13	0.855880315289989	3.27952437080016e-42	7	6
ENSG00000104490.17	0.855986878745099	3.12513209354811e-42	1	6
ENSG00000085719.12	0.856033656005746	3.05963845402319e-42	7	6
ENSG00000169933.13	0.856113988871694	2.9502980412434e-42	1	6
ENSG00000183715.13	0.856150886804745	2.90137317123419e-42	1	6
ENSG00000198794.11	0.856410080042091	2.57947711081923e-42	1	6
ENSG00000139405.15	0.856474935989598	2.50459013178369e-42	1	6
ENSG00000133026.12	0.856535483985391	2.43660912062847e-42	1	6
ENSG00000139174.11	0.857164904567763	1.82905537330267e-42	1	6
ENSG00000068354.15	0.85772878014544	1.41296467374873e-42	1	6
ENSG00000151952.15	0.857785418156419	1.37671896866177e-42	1	6
ENSG00000166181.12	0.857810345361362	1.36105794291332e-42	1	9
ENSG00000144567.10	0.858480246630084	9.99979962506399e-43	1	6
ENSG00000087077.13	0.858536183386375	9.74497568606781e-43	7	6
ENSG00000110514.19	0.858913343846653	8.18590128893426e-43	1	6
ENSG00000148408.12	0.859302667701935	6.83407457042583e-43	1	6
ENSG00000097021.19	0.859471620699566	6.31814104227875e-43	1	6
ENSG00000114353.16	0.859934461607011	5.09297607333803e-43	6	1
ENSG00000075340.22	0.860029273340785	4.87251177018646e-43	1	6
ENSG00000114948.12	0.860346013320955	4.20190140788006e-43	1	6
ENSG00000183023.18	0.860434937296147	4.03054133951465e-43	1	6
ENSG00000067842.17	0.860511619654194	3.88830364595536e-43	1	6
ENSG00000103415.11	0.860732205905933	3.506095353932e-43	1	6
ENSG00000136928.6	0.86086448474971	3.29488063728593e-43	1	6
ENSG00000167654.17	0.861905457731666	2.01610316040244e-43	1	6
ENSG00000101367.8	0.862171551083869	1.77706185962492e-43	6	1
ENSG00000164111.14	0.862381583459793	1.60826963700954e-43	6	1
ENSG00000116329.10	0.862405949932593	1.58973889019607e-43	1	6
ENSG00000119318.12	0.862761349137924	1.34216451359199e-43	1	10
ENSG00000142686.7	0.862789319817959	1.32437453081602e-43	1	6
ENSG00000163399.15	0.862940707893952	1.23203832080347e-43	1	6
ENSG00000182957.15	0.863184042499048	1.09672071753956e-43	5	6
ENSG00000019505.7	0.863516065961286	9.35394132190462e-44	1	6
ENSG00000116141.15	0.863724270065404	8.46388839737118e-44	1	6
ENSG00000183454.16	0.864092550267988	7.08895852553654e-44	1	6
ENSG00000049245.12	0.864494976088764	5.83711910984014e-44	6	1
ENSG00000273079.5	0.864547099649783	5.69179239109113e-44	1	6
ENSG00000154277.12	0.864563411214657	5.64704922122314e-44	1	6
ENSG00000124570.17	0.865537152912494	3.51885298217288e-44	6	1
ENSG00000118898.15	0.865603355123079	3.40703655971164e-44	1	6
ENSG00000250722.5	0.865647287831047	3.33477036900567e-44	6	5
ENSG00000072954.6	0.866026836540462	2.7700603461245e-44	1	6
ENSG00000197043.13	0.866033486117898	2.76105688428848e-44	1	6
ENSG00000154822.17	0.866051887487189	2.73629137228866e-44	1	6
ENSG00000122778.9	0.866080567485085	2.6981273302861e-44	1	6
ENSG00000185361.8	0.867278880734412	1.49598329750358e-44	1	6
ENSG00000168385.17	0.867519725808589	1.32783966884053e-44	7	6
ENSG00000177181.14	0.867698004318385	1.21548815275958e-44	1	6
ENSG00000075035.9	0.867754976707195	1.18159628023732e-44	1	6
ENSG00000165152.8	0.867973311946465	1.060106224183e-44	1	6
ENSG00000267909.2	0.86802847400789	1.03141004325661e-44	1	6
ENSG00000175182.14	0.869039259234618	6.2242963427892e-45	1	6
ENSG00000150394.13	0.869046845198054	6.20064988242773e-45	1	6
ENSG00000147533.16	0.869614601667791	4.66040893262613e-45	6	5
ENSG00000120053.10	0.870662790467286	2.7411673849099e-45	1	6
ENSG00000158445.9	0.870738965518579	2.63698049939454e-45	1	6
ENSG00000149499.11	0.871041537572634	2.2602523406593e-45	6	1
ENSG00000075945.12	0.871268140149044	2.01328769043086e-45	1	6
ENSG00000165868.13	0.872466875703798	1.08763312027406e-45	1	6
ENSG00000164715.5	0.873413919426929	6.65717252938606e-46	1	6
ENSG00000197381.15	0.873499729759675	6.36631417958228e-46	1	6
ENSG00000156959.8	0.873839606934142	5.33215216597988e-46	1	6
ENSG00000221866.9	0.873921421025971	5.10901945394111e-46	1	6
ENSG00000166167.17	0.874385175554767	4.00736355605445e-46	1	6
ENSG00000156486.7	0.874862157814855	3.11841660743708e-46	1	6
ENSG00000067560.10	0.875343291029427	2.41885061399286e-46	6	1
ENSG00000182732.16	0.875730555182118	1.97004368461706e-46	1	6
ENSG00000139970.16	0.875880713635495	1.8190095406422e-46	1	6
ENSG00000157191.19	0.876126499562046	1.59601186588632e-46	6	1
ENSG00000163704.11	0.876789154093099	1.12020723917975e-46	1	6
ENSG00000188859.6	0.877557748675506	7.41084577305627e-47	1	6
ENSG00000154096.13	0.877679581782155	6.93928395097065e-47	1	6
ENSG00000140612.13	0.877829321480747	6.39999306620035e-47	6	1
ENSG00000183255.11	0.877887062835036	6.20324096896655e-47	6	1
ENSG00000084444.13	0.878001713010745	5.83004752899802e-47	1	6
ENSG00000186094.16	0.878644743559353	4.11182125142851e-47	1	6
ENSG00000068615.17	0.880540114812479	1.45216758566417e-47	1	6
ENSG00000171914.16	0.880704261919122	1.3258962907321e-47	1	6
ENSG00000155304.5	0.881438161643002	8.81372512785022e-48	1	9
ENSG00000160014.16	0.881507087209084	8.48092213568633e-48	1	6
ENSG00000153558.13	0.882567763273902	4.67606072920995e-48	1	6
ENSG00000002746.14	0.883659025512031	2.51909274666392e-48	1	6
ENSG00000055211.12	0.883947184031444	2.13726832038797e-48	6	1
ENSG00000133318.13	0.884795692539549	1.31387932849689e-48	1	6
ENSG00000184368.15	0.885835097941295	7.20176575192481e-49	1	6
ENSG00000101079.20	0.886039642445074	6.39374712675376e-49	1	6
ENSG00000069966.18	0.88640644280515	5.16209034487272e-49	1	6
ENSG00000006432.15	0.887441385387097	2.81116476782133e-49	1	6
ENSG00000078902.15	0.887562349420514	2.61739025509211e-49	1	6
ENSG00000204580.13	0.888428890154161	1.56539607533148e-49	7	6
ENSG00000176490.4	0.889937073914178	6.33343369654236e-50	1	6
ENSG00000119655.10	0.890745747502662	3.87756455994278e-50	6	1
ENSG00000159658.10	0.891046385167365	3.22786404485996e-50	7	6
ENSG00000102003.10	0.895283872248998	2.29532251664299e-51	1	6
ENSG00000196876.15	0.895802132500201	1.64838449304044e-51	1	6
ENSG00000162188.5	0.900441162359046	7.85712369412308e-53	1	6
ENSG00000182674.5	0.90095398758687	5.56112355459589e-53	1	6
ENSG00000152931.7	0.90230533021161	2.21650411945183e-53	1	6
ENSG00000145087.12	0.904274628803944	5.66146508780155e-54	1	6
ENSG00000132932.16	0.905477651475141	2.42366556752967e-54	1	6
ENSG00000111674.8	0.906790234320199	9.47949627324456e-55	1	6
ENSG00000082458.11	0.908876263723238	2.07144731218554e-55	1	6
