gene	corr	pvalue	gene_mod	pc_mod
ENSG00000104447.12	0.732706711975366	4.4934847985358e-32	2	14
ENSG00000155097.11	0.732713348901676	4.4849131990037e-32	8	6
ENSG00000153814.11	0.732734463259358	4.45775088653141e-32	8	11
ENSG00000116478.11	0.732737399142247	4.4539869014153e-32	7	11
ENSG00000050030.13	0.73279283685874	4.38349672266359e-32	4	8
ENSG00000173821.19	0.732924921856681	4.2199429647554e-32	7	4
ENSG00000163939.18	0.73306248646809	4.05599052366891e-32	7	14
ENSG00000176597.11	0.733099009747688	4.01352518917084e-32	9	3
ENSG00000196923.13	0.733293092991102	3.79510311604943e-32	10	1
ENSG00000164111.14	0.733355659116219	3.7272175252851e-32	11	4
ENSG00000125851.9	0.733428483034696	3.64970636355995e-32	4	18
ENSG00000091317.7	0.733454639328318	3.62225565414724e-32	11	18
ENSG00000144043.11	0.733469716790217	3.60652449258156e-32	7	4
ENSG00000164209.16	0.733486481681662	3.58911169667102e-32	8	15
ENSG00000258504.2	0.733541208877451	3.53284351845525e-32	6	8
ENSG00000135932.10	0.733944461560322	3.14416855220988e-32	8	1
ENSG00000141380.13	0.73396253219448	3.12777375902216e-32	14	2
ENSG00000069345.11	0.73402893433388	3.0682492139475e-32	8	6
ENSG00000139826.5	0.734035464727841	3.06245578640239e-32	8	1
ENSG00000107872.12	0.734087947648628	3.01628501984325e-32	18	7
ENSG00000165995.18	0.734110512379801	2.99664543700146e-32	4	11
ENSG00000134824.13	0.734241939253549	2.88473271388462e-32	2	11
ENSG00000068383.18	0.734267071869474	2.8638053044172e-32	4	11
ENSG00000182718.16	0.734352696969435	2.79362279439816e-32	9	19
ENSG00000137947.11	0.734369089266769	2.7803812845425e-32	8	6
ENSG00000261115.5	0.734374964275128	2.77565057591578e-32	4	11
ENSG00000197562.9	0.734395663472784	2.75904609813053e-32	4	14
ENSG00000164323.12	0.734400545145292	2.75514439119096e-32	14	10
ENSG00000204147.9	0.734436371148362	2.72667595899412e-32	4	8
ENSG00000166333.13	0.734505620134241	2.67246698767631e-32	11	4
ENSG00000119698.11	0.734579736230837	2.61562319653555e-32	4	11
ENSG00000164930.11	0.734647645412835	2.56458566579386e-32	11	13
ENSG00000060138.12	0.734673418850703	2.54547322102941e-32	19	11
ENSG00000108395.13	0.734698030322536	2.52735334211889e-32	4	11
ENSG00000124126.13	0.73469837850237	2.52709791223916e-32	5	7
ENSG00000205336.11	0.734721369757508	2.51028731090797e-32	2	11
ENSG00000149499.11	0.734726263077291	2.50672367762857e-32	6	8
ENSG00000100364.18	0.73479019542906	2.46061905924441e-32	5	6
ENSG00000012983.11	0.734792439268248	2.45901617641259e-32	5	7
ENSG00000146006.7	0.734808328033175	2.44769543441625e-32	4	11
ENSG00000169884.13	0.734866972672419	2.40635355103003e-32	10	18
ENSG00000150457.8	0.734904165599662	2.3804911992244e-32	11	4
ENSG00000132639.12	0.734909444144915	2.37684296986975e-32	4	11
ENSG00000101367.8	0.73492520325877	2.36598388297559e-32	2	11
ENSG00000145990.10	0.734946845425957	2.35115052896321e-32	4	11
ENSG00000156411.9	0.734980964674346	2.32795122076879e-32	4	11
ENSG00000166398.12	0.734983363434901	2.326328693691e-32	5	13
ENSG00000107295.9	0.735044599768661	2.28528318469265e-32	4	11
ENSG00000084070.11	0.735137413249587	2.22442763850304e-32	4	2
ENSG00000112640.14	0.735152824360522	2.21447856890176e-32	4	11
ENSG00000171208.9	0.735221008687082	2.17098337909156e-32	4	18
ENSG00000143742.12	0.735246997364792	2.15462735196103e-32	2	14
ENSG00000111912.19	0.735281312854017	2.1332165369923e-32	8	2
ENSG00000073921.17	0.735331431787677	2.10232116285676e-32	5	7
ENSG00000177889.9	0.735572405883109	1.95981802377565e-32	8	1
ENSG00000183401.11	0.73560720327319	1.94004190012885e-32	5	6
ENSG00000065534.18	0.735642805801216	1.92001153572288e-32	14	2
ENSG00000205562.2	0.73568769167761	1.89504819054723e-32	4	11
ENSG00000184371.13	0.735725938334653	1.87402958219001e-32	11	19
ENSG00000143418.19	0.735735414295115	1.86885760467824e-32	5	7
ENSG00000065548.17	0.735738835513671	1.86699375872955e-32	8	6
ENSG00000169032.9	0.735838973478168	1.81324290327232e-32	4	8
ENSG00000204856.11	0.735874645277679	1.7944658151304e-32	4	11
ENSG00000185475.10	0.735877736239352	1.79284782133665e-32	11	4
ENSG00000154001.13	0.735900823218214	1.78080805868638e-32	8	1
ENSG00000127314.17	0.735902870073268	1.77974448153452e-32	14	18
ENSG00000139644.12	0.735919136507845	1.77131439532535e-32	2	7
ENSG00000133169.5	0.735920943431458	1.77038038574586e-32	4	7
ENSG00000106089.11	0.735933933307506	1.76368009765194e-32	4	18
ENSG00000133985.2	0.7359630371669	1.74875857103585e-32	4	7
ENSG00000213199.7	0.735979534785267	1.74035551792069e-32	10	6
ENSG00000157219.3	0.735990420064391	1.73483288599299e-32	4	11
ENSG00000159658.10	0.7359950795578	1.73247417453792e-32	14	7
ENSG00000165752.16	0.736010737723002	1.72457086346928e-32	4	14
ENSG00000111783.12	0.736035024134539	1.71238269270413e-32	2	11
ENSG00000068697.6	0.736172548518085	1.64494875171248e-32	2	4
ENSG00000184515.10	0.736312657665824	1.57893681146498e-32	4	11
ENSG00000271614.1	0.73632971650728	1.5710798655445e-32	4	7
ENSG00000178202.12	0.736343786842589	1.56462833886038e-32	11	4
ENSG00000115282.19	0.736354797297509	1.55959802396994e-32	7	6
ENSG00000184672.11	0.736355579088544	1.55924145532938e-32	4	11
ENSG00000168056.15	0.736407318443922	1.53582110053404e-32	6	8
ENSG00000204065.2	0.736483216181271	1.50209054306531e-32	4	7
ENSG00000270885.1	0.736623224364693	1.4417706318328e-32	18	4
ENSG00000071127.16	0.736695568097919	1.4115436428447e-32	11	4
ENSG00000198934.4	0.736832288836257	1.35611225893372e-32	4	18
ENSG00000173452.13	0.736892046449617	1.33256273906867e-32	4	8
ENSG00000134371.10	0.736899741362778	1.32955970752216e-32	14	1
ENSG00000009844.15	0.737045961580518	1.27374527321199e-32	8	1
ENSG00000137497.17	0.737074162153623	1.26324916831435e-32	6	8
ENSG00000112078.13	0.737084683337877	1.25935508788424e-32	14	2
ENSG00000132463.13	0.737121668341947	1.24575982558765e-32	1	10
ENSG00000133135.13	0.73723057338725	1.2065611607559e-32	4	8
ENSG00000116478.11	0.737248738552495	1.20014212748294e-32	7	2
ENSG00000085433.15	0.737314533190314	1.17717241672577e-32	8	4
ENSG00000103056.11	0.737346420984537	1.16619625358687e-32	18	4
ENSG00000124194.16	0.737399907468864	1.14801136575632e-32	4	18
ENSG00000053108.16	0.737441512347472	1.13405940174347e-32	4	18
ENSG00000170419.10	0.737453113731212	1.1301987962636e-32	4	11
ENSG00000063015.19	0.737454149982002	1.12985459204164e-32	18	4
ENSG00000083454.21	0.737479238146397	1.12155265404707e-32	18	4
ENSG00000152932.7	0.737497458352103	1.11556106913876e-32	4	11
ENSG00000101558.13	0.737519704921217	1.10828815682551e-32	8	1
ENSG00000168438.14	0.737562134919986	1.09454600322328e-32	4	8
ENSG00000149091.15	0.737568270243228	1.09257283799706e-32	18	10
ENSG00000166342.18	0.737750029403682	1.03568019714227e-32	4	18
ENSG00000197381.15	0.737786554673325	1.02460445359464e-32	4	18
ENSG00000139631.18	0.737895509413574	9.92253660476858e-33	7	6
ENSG00000165752.16	0.737921751656879	9.84613349070395e-33	4	11
ENSG00000129682.15	0.737971637167654	9.70248764313932e-33	4	11
ENSG00000102053.12	0.73816297752066	9.17040430449014e-33	8	4
ENSG00000140575.12	0.738193394511552	9.08850916658696e-33	5	4
ENSG00000187091.13	0.738199648934551	9.07175913427259e-33	2	11
ENSG00000184156.16	0.738216073836052	9.02791601096925e-33	4	11
ENSG00000105143.12	0.738279750538795	8.85990660460319e-33	4	11
ENSG00000177182.10	0.738384474145738	8.59026598001592e-33	4	11
ENSG00000172890.11	0.738394360103845	8.56523307623728e-33	5	6
ENSG00000160691.18	0.738439121189193	8.4527862997098e-33	11	19
ENSG00000177469.12	0.73850550480587	8.28869145603223e-33	3	13
ENSG00000253368.3	0.73852553549441	8.2397960856384e-33	4	7
ENSG00000141698.16	0.738547727257018	8.18595702052833e-33	4	18
ENSG00000175395.15	0.73872439915271	7.76951163526908e-33	8	11
ENSG00000143303.11	0.738752137324839	7.70605095197037e-33	6	8
ENSG00000148798.10	0.738794263310349	7.61064795748126e-33	4	18
ENSG00000076928.17	0.738813388977893	7.56771866055357e-33	6	7
ENSG00000124067.16	0.738896537399533	7.38383904632933e-33	7	11
ENSG00000119866.20	0.739036708395855	7.08376413421994e-33	18	4
ENSG00000188191.14	0.739082099892185	6.98918940408044e-33	4	18
ENSG00000163995.19	0.739150867174972	6.84827387071904e-33	4	11
ENSG00000102007.10	0.739176610815966	6.79624364878015e-33	9	11
ENSG00000137727.12	0.739190097015349	6.76914236614347e-33	8	11
ENSG00000156486.7	0.739250831565402	6.64840551353892e-33	4	11
ENSG00000159199.13	0.739275965497196	6.59906320762626e-33	4	7
ENSG00000077092.18	0.739301586891873	6.54913504434054e-33	4	11
ENSG00000182827.8	0.739342146867118	6.470855604304e-33	14	1
ENSG00000129422.14	0.739380450506195	6.39777688654943e-33	5	7
ENSG00000116044.15	0.739381795726835	6.39522519227331e-33	14	2
ENSG00000115419.12	0.739554805318261	6.07526583759074e-33	4	8
ENSG00000102908.20	0.739568251071051	6.05107023913559e-33	14	1
ENSG00000173726.10	0.739696419123976	5.82514290228799e-33	4	11
ENSG00000215218.3	0.739721990053605	5.78107202066306e-33	4	11
ENSG00000149294.16	0.739735905225433	5.7572276508906e-33	5	7
ENSG00000184388.5	0.739758624360528	5.7185051686159e-33	4	11
ENSG00000139112.10	0.739810444530706	5.63113976341616e-33	4	11
ENSG00000173905.8	0.740115378755648	5.14303207085258e-33	2	14
ENSG00000118432.12	0.740132684584627	5.11661598393712e-33	4	18
ENSG00000151491.12	0.740219903399658	4.98550254624449e-33	7	14
ENSG00000272031.2	0.740237830292155	4.95896629761177e-33	4	11
ENSG00000171316.11	0.74036741995554	4.77123376147727e-33	5	7
ENSG00000124177.14	0.740385593167842	4.74547255270302e-33	14	7
ENSG00000179841.8	0.740471401446775	4.62567412781585e-33	4	11
ENSG00000158109.14	0.740539180423288	4.53315605373734e-33	4	11
ENSG00000166206.14	0.740592175838546	4.4620888333585e-33	4	18
ENSG00000170558.8	0.740656528478289	4.37726498785526e-33	2	14
ENSG00000166206.14	0.740783720966914	4.21425459459689e-33	4	7
ENSG00000106635.7	0.740847568924731	4.13469496227205e-33	4	18
ENSG00000133131.14	0.740938961369917	4.02338002745256e-33	7	4
ENSG00000105397.13	0.740968540690707	3.98798880510217e-33	6	8
ENSG00000156395.12	0.741035798475818	3.90865271976041e-33	4	11
ENSG00000115944.14	0.74103746162679	3.9067107152619e-33	4	11
ENSG00000186479.4	0.741038400800058	3.90561449449023e-33	8	4
ENSG00000115233.11	0.741121241957195	3.81010288550719e-33	8	6
ENSG00000196576.14	0.74126494699239	3.6498434458382e-33	11	4
ENSG00000104870.12	0.741282853267	3.63034538260066e-33	11	4
ENSG00000111726.12	0.741430469507953	3.47346615449718e-33	8	11
ENSG00000152214.12	0.741446158932015	3.45718989199201e-33	4	11
ENSG00000145545.11	0.741460876869515	3.44198972644534e-33	4	8
ENSG00000184384.13	0.741610272213433	3.29137552083511e-33	14	2
ENSG00000168309.16	0.74165396495051	3.24856606874464e-33	2	4
ENSG00000175866.15	0.741655140634189	3.24742175942077e-33	18	4
ENSG00000174446.12	0.741684652583882	3.21882702879075e-33	4	11
ENSG00000102466.15	0.741695031822771	3.20882941505879e-33	4	11
ENSG00000112531.16	0.74171961916699	3.18526793790768e-33	5	7
ENSG00000142875.19	0.74179438824195	3.11466013418391e-33	8	15
ENSG00000077264.14	0.741844761361657	3.06796172115271e-33	4	7
ENSG00000168288.12	0.741878845136608	3.03675608082239e-33	8	1
ENSG00000151917.17	0.742017112955621	2.91333787227158e-33	8	4
ENSG00000182685.7	0.742137362036398	2.81002790122005e-33	6	10
ENSG00000130175.9	0.742147112831222	2.80181055539648e-33	5	6
ENSG00000127946.16	0.742169917176879	2.78268477151444e-33	5	7
ENSG00000185345.18	0.742191236873669	2.76492044269892e-33	4	11
ENSG00000174516.14	0.742226779672425	2.73555284693479e-33	4	11
ENSG00000100726.14	0.742274454436579	2.69664286964875e-33	3	8
ENSG00000204469.12	0.742388191254871	2.60600325339909e-33	6	8
ENSG00000112343.10	0.742399841825497	2.59688977220075e-33	11	13
ENSG00000104863.11	0.742448777301644	2.55895223494904e-33	4	18
ENSG00000099960.12	0.742468604234408	2.54373709146704e-33	4	11
ENSG00000061936.9	0.742484702490035	2.53144887857158e-33	5	6
ENSG00000172782.11	0.742501889725245	2.51839392975247e-33	4	18
ENSG00000198959.11	0.742551442789376	2.48112473305391e-33	11	19
ENSG00000107295.9	0.742555963837858	2.47775157946896e-33	4	7
ENSG00000164885.12	0.742587497932569	2.45434925176231e-33	4	7
ENSG00000110987.8	0.742618332709818	2.43167639901668e-33	4	11
ENSG00000104365.13	0.742629302806762	2.42365991075509e-33	6	7
ENSG00000163605.14	0.742669709230227	2.39435639206289e-33	14	1
ENSG00000065978.18	0.74278026884652	2.31594779378319e-33	11	4
ENSG00000113615.12	0.742799585045277	2.30251066470303e-33	14	1
ENSG00000183785.14	0.742834349641864	2.27852013330497e-33	4	11
ENSG00000176978.13	0.742847529761351	2.26948921714493e-33	6	8
ENSG00000164620.8	0.742889411376368	2.24102554881033e-33	18	4
ENSG00000184672.11	0.742901690798786	2.23274702371753e-33	4	7
ENSG00000169032.9	0.743083809577355	2.11344391140816e-33	4	11
ENSG00000131061.13	0.743116177024574	2.09290753115388e-33	10	18
ENSG00000146267.11	0.743208279398849	2.03553971187362e-33	4	11
ENSG00000136490.8	0.743377996802335	1.93385442128626e-33	10	18
ENSG00000168003.16	0.743436596251729	1.89991992358592e-33	2	4
ENSG00000084764.10	0.743478098835312	1.87624145570942e-33	4	18
ENSG00000143858.11	0.743618381458875	1.79833682998842e-33	4	18
ENSG00000213199.7	0.743619461784604	1.79774941592905e-33	10	1
ENSG00000113456.18	0.74375535380726	1.7253466719852e-33	8	4
ENSG00000169258.6	0.74376985604739	1.71779160466677e-33	4	7
ENSG00000112232.8	0.743842250493256	1.68056155898989e-33	4	7
ENSG00000135002.11	0.743895517019645	1.65367683104758e-33	4	11
ENSG00000105329.9	0.743967254400404	1.61813765535602e-33	9	11
ENSG00000067606.16	0.743968771357157	1.61739432288965e-33	4	11
ENSG00000156735.10	0.743991286678305	1.6064009136643e-33	4	7
ENSG00000164924.17	0.744073550036724	1.56685664161091e-33	4	11
ENSG00000185658.13	0.744086465349385	1.5607358867894e-33	4	11
ENSG00000167193.7	0.744249676689632	1.48538687861443e-33	14	1
ENSG00000198843.12	0.744298182574806	1.46369209324512e-33	14	10
ENSG00000171435.13	0.744312545645872	1.45732813838542e-33	4	11
ENSG00000183624.13	0.744349629586783	1.44102278640165e-33	4	7
ENSG00000213339.8	0.744550409441953	1.35581268624502e-33	6	10
ENSG00000113749.7	0.744561239041258	1.35136042662809e-33	18	10
ENSG00000124942.13	0.744707286511237	1.29270526820566e-33	7	4
ENSG00000143933.16	0.744807966319419	1.25373769936118e-33	8	11
ENSG00000138430.15	0.74484753705954	1.23874074049388e-33	8	4
ENSG00000147852.15	0.744985542426792	1.18780721454354e-33	4	11
ENSG00000188674.10	0.745198570006627	1.11320681452908e-33	4	7
ENSG00000177889.9	0.745336400753356	1.06741823847506e-33	8	6
ENSG00000112640.14	0.745410716715095	1.04350464400824e-33	4	18
ENSG00000119318.12	0.745428458079896	1.0378742415392e-33	8	6
ENSG00000108262.15	0.745584568769073	9.89603349734678e-34	10	18
ENSG00000176490.4	0.745741913742973	9.43189096334975e-34	4	18
ENSG00000138028.15	0.745786989345934	9.30292167920572e-34	4	11
ENSG00000106367.13	0.745830766835375	9.17932929476042e-34	4	7
ENSG00000119698.11	0.745892329918361	9.00825606955477e-34	4	8
ENSG00000118733.16	0.745933806739966	8.89477320899369e-34	4	11
ENSG00000156959.8	0.74593513009599	8.89117570479855e-34	4	11
ENSG00000003987.13	0.745967753115692	8.80294260315121e-34	8	11
ENSG00000198108.3	0.746053198839425	8.57590973422538e-34	4	11
ENSG00000172348.14	0.746059941393991	8.55824192862354e-34	4	2
ENSG00000123570.3	0.746163442760318	8.2914882102722e-34	4	8
ENSG00000116731.22	0.746208023236169	8.17912966513543e-34	4	18
ENSG00000085415.15	0.746277943361227	8.00591913356071e-34	4	11
ENSG00000113916.17	0.746372006776681	7.77858580972266e-34	11	19
ENSG00000151376.16	0.746479687875924	7.52613764913262e-34	4	14
ENSG00000139644.12	0.746584826074545	7.28744111634521e-34	2	14
ENSG00000172725.13	0.746638572300015	7.16831585651383e-34	11	4
ENSG00000134709.10	0.746680791308827	7.07608658604632e-34	4	11
ENSG00000204316.12	0.746684456341049	7.06813550636598e-34	6	8
ENSG00000100345.20	0.746720042929859	6.99138841696114e-34	11	19
ENSG00000130540.13	0.746736722655326	6.95569945155559e-34	4	11
ENSG00000172782.11	0.74674511549545	6.93780952086691e-34	4	11
ENSG00000183775.10	0.746818527211462	6.78324640910106e-34	4	8
ENSG00000143847.15	0.746826587757266	6.76648350903875e-34	18	10
ENSG00000116120.9	0.746873022869173	6.67070734768701e-34	4	7
ENSG00000170500.12	0.746906709530497	6.6020626359706e-34	4	11
ENSG00000223572.9	0.747103545887663	6.2146480981211e-34	4	18
ENSG00000163539.16	0.747111941949768	6.19863049962552e-34	5	15
ENSG00000147676.13	0.747119031012621	6.18513798911138e-34	4	11
ENSG00000082014.16	0.747241003819793	5.95746742478175e-34	10	18
ENSG00000133612.18	0.747254084397923	5.93354716664573e-34	18	10
ENSG00000114686.8	0.74726279946332	5.91766258063359e-34	8	6
ENSG00000139973.16	0.747331328793769	5.79420769770347e-34	4	8
ENSG00000113749.7	0.747398783633928	5.67516642010077e-34	18	4
ENSG00000188419.13	0.747420632795352	5.63712688098538e-34	8	11
ENSG00000197860.9	0.74743899224332	5.60535717282465e-34	4	11
ENSG00000138018.17	0.747476037151723	5.54178946461711e-34	4	11
ENSG00000115840.13	0.747640590791319	5.26789555560576e-34	4	11
ENSG00000152402.10	0.747643412666888	5.26331685885611e-34	4	11
ENSG00000183307.3	0.747676661677531	5.20966217118199e-34	4	11
ENSG00000141384.12	0.747730615521066	5.12373960103632e-34	4	11
ENSG00000083937.8	0.747750701379949	5.09211021926481e-34	8	1
ENSG00000157191.19	0.747916638266087	4.83805856867838e-34	2	4
ENSG00000108176.14	0.74797707121497	4.74867036932915e-34	4	11
ENSG00000159403.15	0.747992311660507	4.7263857848753e-34	11	19
ENSG00000085365.17	0.748005492117029	4.70719638348829e-34	8	4
ENSG00000164100.8	0.74808971087259	4.58638112419568e-34	4	11
ENSG00000198836.8	0.748176764611669	4.4647088052381e-34	4	11
ENSG00000147065.16	0.748243538557087	4.3735402996313e-34	11	19
ENSG00000101349.16	0.748401445355302	4.16517566571085e-34	4	7
ENSG00000023516.8	0.748440292706986	4.11543213744934e-34	8	11
ENSG00000221866.9	0.748489353491307	4.05344569474317e-34	4	11
ENSG00000169105.7	0.748578062444707	3.94369079796558e-34	2	11
ENSG00000165169.10	0.748621795273179	3.8906647768353e-34	8	4
ENSG00000109180.14	0.748704507917826	3.79228842935754e-34	8	4
ENSG00000107282.7	0.748770930525355	3.71506403373112e-34	4	11
ENSG00000151025.9	0.748786686942664	3.69697374310533e-34	4	11
ENSG00000125966.9	0.748916361332394	3.55134950193075e-34	4	11
ENSG00000141622.13	0.748932554960994	3.53356557079406e-34	4	18
ENSG00000164715.5	0.748935232661653	3.53063336718496e-34	4	11
ENSG00000148925.10	0.749010711543677	3.4489591397067e-34	4	8
ENSG00000063015.19	0.749179054438846	3.27344186327256e-34	18	10
ENSG00000156011.16	0.749218826562089	3.23327682908475e-34	4	11
ENSG00000060709.14	0.749266506743845	3.18576489057136e-34	4	11
ENSG00000061794.12	0.749308095190205	3.14488505436594e-34	8	6
ENSG00000131143.8	0.749340890171536	3.11301354121712e-34	4	18
ENSG00000047597.5	0.749380098188136	3.07532683926496e-34	4	8
ENSG00000186047.9	0.749563751429542	2.90469627771297e-34	4	11
ENSG00000129355.6	0.749582597523305	2.88772317200489e-34	4	7
ENSG00000166167.17	0.749585159748756	2.88542314422863e-34	4	11
ENSG00000097021.19	0.749623908913806	2.85085841265275e-34	4	11
ENSG00000183049.12	0.74984384329463	2.66226236136385e-34	4	18
ENSG00000181656.6	0.750054555339808	2.49312146143477e-34	4	18
ENSG00000114405.10	0.750145223603267	2.423639885741e-34	8	7
ENSG00000186487.17	0.750266353625517	2.33378246592161e-34	4	18
ENSG00000184911.14	0.75029163218928	2.3154481793489e-34	4	7
ENSG00000166046.10	0.750291936771471	2.31522813610168e-34	14	7
ENSG00000135913.10	0.750354261146384	2.27063287373673e-34	14	1
ENSG00000158467.16	0.750505410403779	2.16596370166663e-34	2	14
ENSG00000183741.11	0.750528400195282	2.15046552629849e-34	18	4
ENSG00000165752.16	0.750546574390183	2.1382910413314e-34	4	7
ENSG00000126583.10	0.750551758568239	2.13483073668283e-34	4	18
ENSG00000125744.11	0.75057264267933	2.1209469001274e-34	18	4
ENSG00000188981.10	0.750585464546899	2.11246697001053e-34	4	7
ENSG00000069712.12	0.750626455641116	2.08558028952574e-34	4	11
ENSG00000106993.11	0.750766796213255	1.99605596227786e-34	8	6
ENSG00000095002.13	0.750788737134028	1.98240608252018e-34	8	4
ENSG00000198944.5	0.75079915834148	1.97595508460171e-34	4	18
ENSG00000179335.18	0.751026254945186	1.84040010106247e-34	6	8
ENSG00000167074.14	0.751333289101404	1.67159121258182e-34	4	18
ENSG00000105323.16	0.751540731407257	1.56626818775203e-34	7	4
ENSG00000147852.15	0.75163454567079	1.52080942961569e-34	4	2
ENSG00000169718.17	0.751664932729792	1.50636555133187e-34	10	1
ENSG00000116133.11	0.751774447400903	1.45542203087439e-34	4	2
ENSG00000177570.13	0.751790458778721	1.44811752376958e-34	8	11
ENSG00000151948.11	0.751894695812783	1.40143866983419e-34	4	7
ENSG00000184408.9	0.751997736733977	1.3567527858651e-34	4	11
ENSG00000088205.12	0.751999675798849	1.35592546599255e-34	14	1
ENSG00000189241.6	0.752000441667149	1.35559883812266e-34	4	11
ENSG00000162639.15	0.752024829886883	1.3452381637882e-34	4	7
ENSG00000166111.9	0.752136169854589	1.29892053051465e-34	4	7
ENSG00000165752.16	0.752599888283444	1.12232896881311e-34	4	18
ENSG00000111726.12	0.752613720681508	1.11744195995377e-34	8	4
ENSG00000168824.14	0.752685821047365	1.09230612303324e-34	4	18
ENSG00000277586.2	0.752724004163648	1.07922100639469e-34	4	11
ENSG00000157680.15	0.752739662996398	1.07389956938547e-34	4	11
ENSG00000275052.4	0.752891555898013	1.0236036476319e-34	14	1
ENSG00000149970.14	0.752905434998331	1.01912528469885e-34	4	11
ENSG00000057757.9	0.752925519721837	1.01267870454142e-34	4	7
ENSG00000165264.10	0.753115111785025	9.53770762849391e-35	8	4
ENSG00000151917.17	0.753135498691133	9.47640982934765e-35	8	11
ENSG00000204033.9	0.753171401407718	9.3694021723669e-35	4	18
ENSG00000168348.3	0.753239520521262	9.16963470588868e-35	4	7
ENSG00000174695.9	0.753259191703517	9.11273132367012e-35	8	1
ENSG00000146006.7	0.753276987004819	9.0615540564532e-35	4	8
ENSG00000138814.16	0.753397865663992	8.72133500804678e-35	4	18
ENSG00000178662.15	0.753421867155187	8.65529426976805e-35	4	11
ENSG00000125870.10	0.753449630217136	8.57951765918252e-35	8	6
ENSG00000143772.9	0.753629623514413	8.10385125985885e-35	2	4
ENSG00000051382.8	0.753657898202859	8.03152919058283e-35	4	11
ENSG00000213337.8	0.753781927237371	7.72172112274124e-35	4	7
ENSG00000184845.3	0.753878033009031	7.489782938915e-35	4	18
ENSG00000157087.17	0.754033627215652	7.12874317923005e-35	4	11
ENSG00000097021.19	0.75404151036865	7.11091463565423e-35	4	7
ENSG00000253797.2	0.75407509037847	7.03546074233825e-35	14	1
ENSG00000109458.8	0.754090563385535	7.00095899664608e-35	5	7
ENSG00000273032.1	0.75424035708237	6.67544731033547e-35	4	11
ENSG00000177570.13	0.75441813796873	6.30842036907046e-35	8	4
ENSG00000188021.8	0.754486444463817	6.17275114056582e-35	4	8
ENSG00000152495.10	0.754519855882096	6.10744061651898e-35	4	18
ENSG00000025772.7	0.754586051073331	5.98004994502894e-35	4	7
ENSG00000164488.11	0.754586176784462	5.97981052517689e-35	4	18
ENSG00000182674.5	0.754608964467293	5.93656644007133e-35	4	11
ENSG00000084731.14	0.754795803798699	5.59342586735324e-35	4	11
ENSG00000197562.9	0.754821356102508	5.54804269762905e-35	4	10
ENSG00000163950.12	0.754945711623982	5.33230199830697e-35	8	7
ENSG00000176055.9	0.754952069326644	5.32149705810491e-35	8	11
ENSG00000282033.1	0.754961273665164	5.30589244777648e-35	4	7
ENSG00000141577.13	0.75498333841696	5.26866816754391e-35	6	1
ENSG00000204147.9	0.755053869350619	5.15139594474481e-35	4	11
ENSG00000162545.5	0.755106401482851	5.065724629768e-35	4	11
ENSG00000132872.11	0.755140810210379	5.01037184331654e-35	4	7
ENSG00000134343.12	0.755283622078681	4.78693041828608e-35	4	18
ENSG00000168824.14	0.755407413421103	4.60120978147411e-35	4	11
ENSG00000023516.8	0.755596926464043	4.33055350128886e-35	8	4
ENSG00000082482.13	0.755600361573268	4.32579519983887e-35	4	11
ENSG00000038274.16	0.755701859276387	4.18750151741546e-35	8	1
ENSG00000100027.14	0.755810317548974	4.04453552401252e-35	4	18
ENSG00000112186.11	0.755851566413897	3.99143397632616e-35	4	11
ENSG00000131409.12	0.755908707883152	3.9190060242383e-35	10	18
ENSG00000078328.19	0.75603687311564	3.76122887134678e-35	4	18
ENSG00000139998.14	0.756253816326259	3.50829950324377e-35	4	18
ENSG00000164129.11	0.756255759010608	3.50611201713976e-35	4	11
ENSG00000175471.19	0.756293956894707	3.46337261222074e-35	4	11
ENSG00000107518.16	0.756310759902584	3.44473472416869e-35	4	11
ENSG00000120049.18	0.756313995324567	3.44115735489101e-35	18	10
ENSG00000152969.17	0.756503438512216	3.23795053529012e-35	4	18
ENSG00000076826.9	0.75653028586412	3.21012581386669e-35	10	18
ENSG00000198836.8	0.75657325033215	3.16608650491774e-35	4	8
ENSG00000213424.8	0.756646890394859	3.0919841594999e-35	4	8
ENSG00000013364.18	0.756719158843884	3.02092371635517e-35	11	19
ENSG00000198354.6	0.756767625346126	2.97417102147738e-35	4	11
ENSG00000132872.11	0.757112817893542	2.66118349309039e-35	4	11
ENSG00000091622.15	0.757184013313645	2.60078713470605e-35	4	11
ENSG00000125826.20	0.757273761712783	2.52657261894896e-35	6	8
ENSG00000165704.14	0.757278201924018	2.52295558851091e-35	4	11
ENSG00000162430.16	0.757289766339198	2.5135590495288e-35	2	11
ENSG00000138078.15	0.7572948005781	2.50947931092006e-35	4	11
ENSG00000085365.17	0.757388385735354	2.43481480681111e-35	8	11
ENSG00000121753.12	0.757407657790999	2.4197130187836e-35	18	10
ENSG00000091157.13	0.757442735717382	2.39246200608923e-35	4	11
ENSG00000132912.12	0.757454178618478	2.38363791462851e-35	14	1
ENSG00000102271.13	0.757752108893057	2.16484522903872e-35	5	15
ENSG00000126733.20	0.757766317288233	2.15492046472974e-35	4	7
ENSG00000099364.16	0.757782521474457	2.14365630695068e-35	18	4
ENSG00000152495.10	0.757838842849138	2.10495439354291e-35	4	11
ENSG00000154429.10	0.757867402785559	2.08559290916304e-35	8	11
ENSG00000185896.10	0.757880264925081	2.07693073848171e-35	5	4
ENSG00000213190.3	0.75791551181084	2.05337447765154e-35	4	7
ENSG00000111077.17	0.757929857897959	2.04386220690537e-35	5	6
ENSG00000088538.12	0.758042778009764	1.97048974556592e-35	4	2
ENSG00000142408.4	0.758058952250007	1.96019484901646e-35	4	11
ENSG00000256982.1	0.758093743144993	1.93822966712084e-35	4	18
ENSG00000183780.12	0.758121267058801	1.92102441230266e-35	4	18
ENSG00000144579.7	0.758243544175242	1.84638980130126e-35	7	4
ENSG00000150760.12	0.758284627770332	1.82196034584201e-35	5	7
ENSG00000177459.10	0.758355507927473	1.7805593181521e-35	4	7
ENSG00000169567.11	0.758357785307831	1.77924458355332e-35	4	7
ENSG00000182400.14	0.758397409741959	1.75652180789859e-35	4	8
ENSG00000187800.13	0.758412016697955	1.74821770623326e-35	7	13
ENSG00000157152.16	0.758427635112348	1.73938136461509e-35	4	11
ENSG00000068383.18	0.758475261630685	1.71270671006168e-35	4	18
ENSG00000114405.10	0.758567029390435	1.66244065655452e-35	8	11
ENSG00000150093.18	0.758653825049578	1.61623654106857e-35	5	7
ENSG00000141622.13	0.758803336848357	1.53959461579242e-35	4	11
ENSG00000033122.18	0.758805799222516	1.53836281659015e-35	4	11
ENSG00000124493.13	0.75884181294641	1.52045754029345e-35	18	10
ENSG00000113327.15	0.758930054972316	1.47744856136563e-35	4	11
ENSG00000160716.5	0.759066202257109	1.41343075061471e-35	4	11
ENSG00000102471.13	0.759173035236475	1.36511713576576e-35	8	4
ENSG00000171004.18	0.759242033293498	1.33478224527068e-35	4	8
ENSG00000186462.8	0.759411808262692	1.26293920721457e-35	4	11
ENSG00000166501.12	0.75942598168187	1.25711672531106e-35	4	11
ENSG00000162188.5	0.759593968134224	1.19008917535345e-35	4	11
ENSG00000144959.9	0.759737126432637	1.13575595588195e-35	4	11
ENSG00000183049.12	0.759806389891264	1.11035272854641e-35	4	11
ENSG00000104529.17	0.759811894350835	1.10835807684453e-35	6	4
ENSG00000125851.9	0.759840981981004	1.09787605202086e-35	4	11
ENSG00000156642.16	0.76015379366195	9.91143088522273e-36	4	11
ENSG00000050030.13	0.760161878528626	9.88524560902892e-36	4	7
ENSG00000144583.4	0.760162793448897	9.88228665970215e-36	4	11
ENSG00000088387.18	0.760212123568615	9.72403290494812e-36	5	7
ENSG00000077279.18	0.760233578109084	9.6559869883228e-36	4	18
ENSG00000214548.14	0.760254219072793	9.59096422628416e-36	6	10
ENSG00000114923.16	0.760353651420646	9.28372830841896e-36	4	10
ENSG00000186432.8	0.760447549324679	9.00250316007512e-36	8	1
ENSG00000172264.16	0.760564049714769	8.6652256625553e-36	4	11
ENSG00000125872.7	0.760581142919736	8.61679826986629e-36	4	18
ENSG00000183785.14	0.760592233381794	8.58552017811342e-36	4	18
ENSG00000119950.20	0.760628862898468	8.48300765893157e-36	14	7
ENSG00000100813.14	0.760643160229221	8.44332269029289e-36	6	7
ENSG00000197713.14	0.760697095911517	8.29525338860936e-36	8	1
ENSG00000164938.13	0.760750967144986	8.14991500023483e-36	7	4
ENSG00000198010.12	0.760753669566978	8.14269062489986e-36	4	18
ENSG00000162889.10	0.760953848233624	7.62473225390651e-36	11	4
ENSG00000253368.3	0.760999004780004	7.51245498583972e-36	4	11
ENSG00000166342.18	0.761068891121179	7.34189260110974e-36	4	11
ENSG00000125846.15	0.761083797402701	7.30600944104117e-36	6	10
ENSG00000133878.8	0.76139052548681	6.60483123944734e-36	4	7
ENSG00000198794.11	0.761641785878697	6.08020177346764e-36	4	18
ENSG00000108309.13	0.761713041365399	5.93904405606161e-36	18	10
ENSG00000188735.12	0.761736808881634	5.89268226342076e-36	10	18
ENSG00000179673.4	0.761838523833028	5.69826820630777e-36	4	18
ENSG00000140854.12	0.761869404944339	5.6405036602445e-36	4	14
ENSG00000142686.7	0.761899719159671	5.58436069130803e-36	4	11
ENSG00000061918.12	0.761982704191015	5.43347038100631e-36	4	8
ENSG00000129636.12	0.762085239790308	5.25256941275759e-36	4	11
ENSG00000139644.12	0.76218659874385	5.07957937228804e-36	2	4
ENSG00000136451.8	0.762190396238852	5.07320842767217e-36	5	7
ENSG00000156735.10	0.762238871577246	4.992571077306e-36	4	11
ENSG00000118276.11	0.762331237261559	4.84240284893987e-36	4	11
ENSG00000162852.13	0.762407915950326	4.72112586556482e-36	4	11
ENSG00000079805.16	0.762439847497899	4.67150910187186e-36	5	7
ENSG00000166224.16	0.762464788127151	4.63311278134911e-36	7	2
ENSG00000198739.10	0.762473609568223	4.61960665829955e-36	4	11
ENSG00000102471.13	0.76248051240875	4.60906507700012e-36	8	11
ENSG00000144744.16	0.76267208849702	4.32577336634373e-36	14	1
ENSG00000076554.15	0.762740182361479	4.2292702445366e-36	8	15
ENSG00000058404.19	0.762748084752879	4.2182091927051e-36	18	10
ENSG00000101608.12	0.762873711215931	4.04614853466905e-36	19	11
ENSG00000167654.17	0.762959230706169	3.9329938265293e-36	4	18
ENSG00000164885.12	0.763005256768471	3.87339100618683e-36	4	11
ENSG00000082213.17	0.763032725759761	3.83824415134574e-36	8	4
ENSG00000118276.11	0.763442752596222	3.34947643137578e-36	4	8
ENSG00000204851.6	0.763579907415352	3.20009189358115e-36	4	11
ENSG00000091972.18	0.763583691964781	3.19606433541241e-36	4	11
ENSG00000149313.10	0.76361781158984	3.15997858264731e-36	4	11
ENSG00000158301.18	0.763659910301025	3.11600671781703e-36	4	8
ENSG00000140497.16	0.763764171117483	3.00968518044415e-36	11	4
ENSG00000166579.15	0.763768852403635	3.00499614592836e-36	4	2
ENSG00000128989.10	0.763771552177075	3.00229517675773e-36	4	11
ENSG00000198315.10	0.763864149389022	2.91109077179714e-36	14	7
ENSG00000100744.14	0.763949450948278	2.82949060501389e-36	4	11
ENSG00000138698.14	0.764041350975342	2.74409908513659e-36	8	15
ENSG00000188529.14	0.76410842099201	2.68338658051675e-36	7	14
ENSG00000204052.4	0.764242279296008	2.56614567267611e-36	4	7
ENSG00000136261.14	0.764251023196284	2.55866532561753e-36	4	7
ENSG00000174938.14	0.76429759169214	2.51918669514548e-36	4	18
ENSG00000166848.5	0.764455085595344	2.39006556148784e-36	8	4
ENSG00000107104.18	0.764471266146959	2.37717520631112e-36	7	4
ENSG00000129355.6	0.764595336826536	2.28058333643085e-36	4	11
ENSG00000149575.5	0.764675885299012	2.21995539114067e-36	4	18
ENSG00000072803.17	0.764751558970612	2.16444458225169e-36	14	1
ENSG00000101079.20	0.764817771294978	2.11699744981686e-36	4	8
ENSG00000185774.14	0.764836994792017	2.10341504030446e-36	4	11
ENSG00000134504.12	0.764953142905755	2.02315783490342e-36	4	11
ENSG00000165023.6	0.764974774228039	2.00854764721553e-36	4	11
ENSG00000137076.20	0.764997783219341	1.99312103445774e-36	7	4
ENSG00000175352.10	0.765012291009429	1.98345420322115e-36	4	11
ENSG00000067900.7	0.765033027909594	1.9697169379674e-36	7	14
ENSG00000008086.11	0.765125914993739	1.90932485943414e-36	4	8
ENSG00000120896.13	0.765198208287845	1.86358791029245e-36	2	4
ENSG00000114279.13	0.765205204854522	1.85921918583831e-36	4	11
ENSG00000159164.9	0.765221699806081	1.8489594705424e-36	4	18
ENSG00000174428.16	0.765232750169877	1.84211746124006e-36	7	4
ENSG00000168309.16	0.765336526732897	1.77906752165952e-36	2	11
ENSG00000132475.10	0.765371573087179	1.75825898241683e-36	19	11
ENSG00000114948.12	0.765677516396392	1.58649942725966e-36	4	18
ENSG00000146112.11	0.765688177947657	1.58082199578837e-36	9	19
ENSG00000136267.13	0.765781737681382	1.5318509631706e-36	4	11
ENSG00000162188.5	0.765958081990103	1.44357786064821e-36	4	18
ENSG00000198300.12	0.766081466846392	1.38481425341719e-36	4	11
ENSG00000113594.9	0.766194081952469	1.33324059508451e-36	14	2
ENSG00000157445.14	0.76620769938445	1.32713399803945e-36	4	11
ENSG00000173611.17	0.766451088923334	1.22252226478808e-36	4	11
ENSG00000091039.16	0.766618639032523	1.15527264708986e-36	8	4
ENSG00000067560.10	0.766772641713011	1.09668236510478e-36	14	11
ENSG00000132879.13	0.766859058992041	1.06509758213546e-36	4	14
ENSG00000070367.15	0.766932707690048	1.03888824384918e-36	14	1
ENSG00000138018.17	0.767080106264742	9.88327429805823e-37	4	8
ENSG00000188674.10	0.76708060672331	9.88159961029505e-37	4	11
ENSG00000272636.3	0.767231325497541	9.38976218602951e-37	4	18
ENSG00000167964.12	0.767315892097679	9.12444443047843e-37	10	18
ENSG00000121905.9	0.767317613743013	9.11912041464129e-37	4	18
ENSG00000185760.15	0.767326353065635	9.09214209789603e-37	4	18
ENSG00000170027.6	0.767354969867307	9.00435107611098e-37	4	8
ENSG00000135404.11	0.767600034793587	8.28594588584304e-37	11	4
ENSG00000128739.21	0.767777914458067	7.8001634080318e-37	4	11
ENSG00000131100.12	0.768102293772847	6.98546477408227e-37	4	11
ENSG00000188981.10	0.768111125837259	6.96449747508847e-37	4	18
ENSG00000102699.5	0.768126510030714	6.92812340459802e-37	11	4
ENSG00000135447.16	0.768293590474576	6.54493889955818e-37	4	18
ENSG00000073169.13	0.768337537061812	6.44766935293419e-37	6	1
ENSG00000102053.12	0.768447920960344	6.20958757630594e-37	8	11
ENSG00000165406.15	0.76851799951233	6.06295575887591e-37	5	7
ENSG00000155093.17	0.768540780666868	6.0160274854997e-37	4	11
ENSG00000133169.5	0.768550342593617	5.99643709275558e-37	4	11
ENSG00000077782.19	0.768585929365188	5.92407791675331e-37	2	11
ENSG00000151948.11	0.768838820318616	5.43407129011441e-37	4	18
ENSG00000196576.14	0.768918755666124	5.28766101442007e-37	11	8
ENSG00000146067.15	0.768932524066378	5.26283809047761e-37	6	8
ENSG00000165061.14	0.769000637080537	5.14171670207368e-37	4	18
ENSG00000138802.11	0.769071535735747	5.01855909684813e-37	14	1
ENSG00000150093.18	0.769333050372754	4.58890586147242e-37	5	13
ENSG00000143858.11	0.769336841833636	4.5829511948947e-37	4	11
ENSG00000198513.11	0.769438947535272	4.42542173267114e-37	4	8
ENSG00000240694.8	0.769540867549189	4.2735019938335e-37	8	4
ENSG00000170396.7	0.769734503534253	3.9988926999531e-37	4	11
ENSG00000172915.18	0.76981073392236	3.89562076378786e-37	4	8
ENSG00000131725.13	0.769846144854152	3.8485465734128e-37	8	15
ENSG00000122733.12	0.769851220942809	3.8418446711311e-37	4	18
ENSG00000169919.16	0.769976213600098	3.68039820784446e-37	6	8
ENSG00000117598.11	0.76998373037848	3.67090518047071e-37	4	11
ENSG00000169813.16	0.770022306679523	3.62256503598232e-37	19	11
ENSG00000168288.12	0.7701592813814	3.45593483444094e-37	8	6
ENSG00000125733.17	0.770202269320915	3.40521408386781e-37	11	19
ENSG00000158445.9	0.770243945411407	3.35674162854874e-37	4	18
ENSG00000139200.13	0.770332823269701	3.25562941175881e-37	4	10
ENSG00000196277.15	0.770347574096349	3.23914096087951e-37	4	11
ENSG00000157782.9	0.770372082984311	3.21192670719172e-37	4	18
ENSG00000143473.12	0.77041745458664	3.16214009766355e-37	4	18
ENSG00000198794.11	0.770510144969311	3.06278178141271e-37	4	11
ENSG00000188368.9	0.770828215982195	2.74465636524822e-37	4	18
ENSG00000153814.11	0.770902639153897	2.67505507575343e-37	8	4
ENSG00000101911.12	0.770972549824321	2.61125940192799e-37	8	4
ENSG00000185728.16	0.771029748376754	2.56018087530818e-37	8	1
ENSG00000168003.16	0.771040485646394	2.55070279964368e-37	2	11
ENSG00000144834.13	0.771140488205588	2.46407201523954e-37	4	18
ENSG00000155363.18	0.771161606772159	2.44615151111443e-37	6	8
ENSG00000145864.12	0.771392350570237	2.25852520874844e-37	4	11
ENSG00000198915.11	0.771650528121117	2.06536913821052e-37	4	18
ENSG00000177679.15	0.771669630942375	2.05174218755488e-37	10	18
ENSG00000108924.13	0.771675930827331	2.04726763497293e-37	4	11
ENSG00000006740.16	0.771720277589159	2.01604084611014e-37	4	11
ENSG00000122824.10	0.771742483368856	2.00058144796564e-37	4	11
ENSG00000213190.3	0.77181196895189	1.95295713561424e-37	4	11
ENSG00000128203.6	0.771843552880974	1.93168098149441e-37	4	18
ENSG00000078328.19	0.771881615517835	1.9063438131002e-37	4	11
ENSG00000053770.11	0.771902832190714	1.89236293769709e-37	8	1
ENSG00000108395.13	0.77195738809859	1.85687515213121e-37	4	8
ENSG00000124194.16	0.771977032846289	1.84425778979994e-37	4	7
ENSG00000065559.14	0.772095878849323	1.76970751389909e-37	4	11
ENSG00000160014.16	0.772103794459428	1.76484902077955e-37	4	11
ENSG00000138386.16	0.772116002962125	1.7573813645386e-37	7	14
ENSG00000177311.11	0.772126344480819	1.75108006219192e-37	14	1
ENSG00000084093.16	0.772190730809672	1.71234592177536e-37	14	4
ENSG00000156858.11	0.77221892881214	1.69564929384075e-37	6	8
ENSG00000169871.12	0.772275926612825	1.66238803757781e-37	11	4
ENSG00000175352.10	0.772299590757061	1.64876836763273e-37	4	18
ENSG00000102265.11	0.772386779995361	1.59952964582507e-37	11	19
ENSG00000085719.12	0.772561804083361	1.50502045696533e-37	2	14
ENSG00000196368.4	0.772685588866327	1.44152308306974e-37	4	7
ENSG00000003096.14	0.772826210616396	1.37258759833785e-37	4	11
ENSG00000187323.11	0.772889548522646	1.34260911674593e-37	4	11
ENSG00000206535.7	0.772918277040384	1.32922519054165e-37	4	7
ENSG00000120265.16	0.773002601790192	1.29069495273013e-37	4	11
ENSG00000152214.12	0.773012432834464	1.28627514890019e-37	4	7
ENSG00000137145.20	0.773044280727182	1.27205925420949e-37	7	14
ENSG00000168032.8	0.773151121669848	1.22549033757215e-37	4	18
ENSG00000135018.13	0.773176592880658	1.2146385555922e-37	8	1
ENSG00000165868.13	0.773318202966536	1.15601121457571e-37	4	11
ENSG00000163191.5	0.773494941638814	1.08673958510625e-37	9	19
ENSG00000178947.8	0.773502894270234	1.08372068540933e-37	4	18
ENSG00000198561.13	0.77365131088944	1.02887265695851e-37	7	4
ENSG00000031081.10	0.77367180264534	1.02151800719393e-37	14	2
ENSG00000082497.11	0.773803884244126	9.75340546634893e-38	4	11
ENSG00000157445.14	0.77389249852977	9.45519148380573e-38	4	18
ENSG00000086598.10	0.773930548878305	9.32991475577774e-38	14	1
ENSG00000144290.16	0.774140789986483	8.66664305665682e-38	4	8
ENSG00000089818.17	0.774187278471111	8.52637619102843e-38	4	8
ENSG00000157693.14	0.774382863050387	7.96035141336652e-38	4	11
ENSG00000177181.14	0.774406675088584	7.89401915324909e-38	4	11
ENSG00000221823.10	0.774510648787352	7.61070804230411e-38	4	11
ENSG00000147676.13	0.77452162147854	7.5814002402271e-38	4	7
ENSG00000156011.16	0.774934872822011	6.55500486009776e-38	4	8
ENSG00000156411.9	0.775087025540823	6.21267436372907e-38	4	7
ENSG00000182901.16	0.775121146078194	6.13835872959646e-38	4	11
ENSG00000149243.15	0.775143902352076	6.08928247624713e-38	4	18
ENSG00000176396.10	0.775232833041797	5.90117476340451e-38	8	4
ENSG00000151729.10	0.775273685077632	5.81669457745069e-38	8	4
ENSG00000050030.13	0.775303135279492	5.75653322843399e-38	4	11
ENSG00000232434.2	0.775307150987048	5.7483775252536e-38	10	18
ENSG00000105737.9	0.775461239747602	5.44388624460489e-38	10	18
ENSG00000149654.9	0.775539955220677	5.29452906506175e-38	4	18
ENSG00000151239.13	0.775669033214689	5.05830579056715e-38	14	1
ENSG00000022355.16	0.775911026586465	4.6430891471556e-38	4	11
ENSG00000125510.15	0.776027694661492	4.45509275430633e-38	4	18
ENSG00000008277.14	0.776034257382903	4.44474350783118e-38	8	11
ENSG00000156735.10	0.776091425750218	4.35558673093307e-38	4	8
ENSG00000171051.8	0.776320948591539	4.01503720706864e-38	9	19
ENSG00000129625.12	0.77633500859632	3.99505093953458e-38	8	11
ENSG00000165264.10	0.77651070978122	3.75340901342312e-38	8	7
ENSG00000134108.12	0.776609215688848	3.62429586995777e-38	8	1
ENSG00000100744.14	0.776615836565996	3.61577649623331e-38	4	8
ENSG00000166257.8	0.776831157797349	3.34921680531687e-38	4	18
ENSG00000117519.15	0.776874868431224	3.29751838950798e-38	2	11
ENSG00000162817.6	0.77690963676079	3.25695864875283e-38	4	11
ENSG00000112290.12	0.77710728901949	3.03555381771932e-38	4	11
ENSG00000112232.8	0.777130729583189	3.01030083046844e-38	4	11
ENSG00000021645.18	0.777146103025572	2.99385124416218e-38	4	11
ENSG00000280165.1	0.777177036589821	2.96102029849346e-38	4	11
ENSG00000008294.20	0.77723090271097	2.90469489484279e-38	14	7
ENSG00000138078.15	0.777259160172571	2.87557090868362e-38	4	8
ENSG00000065609.14	0.777295587071516	2.83845120919343e-38	4	11
ENSG00000014641.17	0.77732281785848	2.81101133525076e-38	4	11
ENSG00000237190.3	0.777357620845021	2.77632139077283e-38	4	7
ENSG00000075711.20	0.777490929557375	2.64730523473813e-38	5	15
ENSG00000174469.19	0.777574184749057	2.56974724754835e-38	8	15
ENSG00000120889.12	0.77759110564553	2.55426026436495e-38	9	19
ENSG00000101438.3	0.777761989639638	2.40292214983243e-38	4	18
ENSG00000161082.12	0.777762619066295	2.40238138731269e-38	18	10
ENSG00000138835.22	0.77778334347834	2.38464314334602e-38	11	4
ENSG00000116299.16	0.778057975450099	2.16142178266236e-38	4	11
ENSG00000067842.17	0.778165417458394	2.07981187144624e-38	4	11
ENSG00000206535.7	0.778179323462124	2.06947373700784e-38	4	11
ENSG00000213760.10	0.778267203608004	2.00530239187281e-38	4	11
ENSG00000196581.10	0.778357329421755	1.94152837026478e-38	4	11
ENSG00000182389.19	0.778416435932094	1.9007935719535e-38	4	11
ENSG00000154358.20	0.778501255738496	1.84380539744055e-38	10	18
ENSG00000155961.4	0.778671422277475	1.73450506137611e-38	8	4
ENSG00000165943.4	0.77942513848901	1.32233217420944e-38	4	11
ENSG00000143164.15	0.779501655637063	1.28632880268765e-38	4	8
ENSG00000158195.10	0.779548396502964	1.26481310307933e-38	2	4
ENSG00000115762.16	0.779568466705548	1.25568361705975e-38	8	4
ENSG00000178662.15	0.779694030465134	1.20002371503839e-38	4	8
ENSG00000166922.8	0.779703511604117	1.19592104733108e-38	4	11
ENSG00000198910.12	0.779758467040497	1.17241163118974e-38	4	18
ENSG00000091622.15	0.779843374383359	1.13698165061542e-38	4	18
ENSG00000171004.18	0.77992646559816	1.10333171667487e-38	4	11
ENSG00000140575.12	0.779950784161056	1.09367030015167e-38	5	7
ENSG00000152413.14	0.780073103566792	1.04632472018774e-38	4	11
ENSG00000164951.15	0.780152128827563	1.01681691982643e-38	4	11
ENSG00000159409.14	0.780311042589446	9.59939825254702e-39	18	10
ENSG00000171132.13	0.780359265656096	9.4330884226826e-39	4	11
ENSG00000143502.14	0.780441747523909	9.15518568475397e-39	4	11
ENSG00000143164.15	0.780525898549918	8.87997619547771e-39	4	11
ENSG00000132879.13	0.78056604407726	8.7515719530203e-39	4	10
ENSG00000171462.14	0.780848900057982	7.89729895966163e-39	18	10
ENSG00000185658.13	0.781026641222719	7.4031089048894e-39	4	8
ENSG00000167889.12	0.781102097252252	7.20264597675252e-39	18	10
ENSG00000141404.15	0.781170291957672	7.02608202301136e-39	4	18
ENSG00000152413.14	0.781285143879058	6.73830976049502e-39	4	8
ENSG00000129625.12	0.781372537001255	6.52715000117657e-39	8	4
ENSG00000109738.10	0.781537978495641	6.14511366598646e-39	4	11
ENSG00000167470.12	0.781647283551294	5.90488657670235e-39	11	19
ENSG00000253368.3	0.781725386804044	5.7389271798746e-39	4	18
ENSG00000061337.15	0.781821324993399	5.54135160517654e-39	4	18
ENSG00000163565.18	0.781836307917404	5.5111070056999e-39	9	19
ENSG00000075043.18	0.781883845248416	5.41622082374064e-39	18	10
ENSG00000204138.12	0.781969687187474	5.24893878430569e-39	5	7
ENSG00000267034.1	0.781978980549721	5.23113698002404e-39	4	11
ENSG00000105887.10	0.782011737814913	5.16886235224364e-39	4	8
ENSG00000204131.9	0.782058865225725	5.0805485151028e-39	4	18
ENSG00000082153.17	0.782114392926152	4.97839998069563e-39	14	1
ENSG00000135824.12	0.782122479461054	4.96369387115006e-39	4	18
ENSG00000167654.17	0.782131467774972	4.94739803205418e-39	4	11
ENSG00000154822.17	0.78222409810273	4.78250057834202e-39	4	11
ENSG00000168438.14	0.782394402732991	4.49334270107761e-39	4	11
ENSG00000062282.14	0.782465860028637	4.37721224445643e-39	4	18
ENSG00000183778.17	0.782706104038521	4.00804759294099e-39	4	18
ENSG00000067560.10	0.782750241086021	3.94364370482522e-39	14	18
ENSG00000003987.13	0.782889189437573	3.74748010205632e-39	8	15
ENSG00000204592.8	0.783036034605777	3.55061790457016e-39	19	11
ENSG00000187079.16	0.78304167709019	3.54326044571783e-39	2	14
ENSG00000174446.12	0.783231612436303	3.30417330024183e-39	4	7
ENSG00000177098.8	0.783248123117853	3.2841573569502e-39	4	18
ENSG00000130477.15	0.783394953588482	3.11133120476492e-39	4	11
ENSG00000116299.16	0.783429164315096	3.07236940486907e-39	4	18
ENSG00000172575.11	0.78347416606543	3.02184946073837e-39	4	11
ENSG00000105723.11	0.783835279105295	2.6450247009442e-39	4	18
ENSG00000100341.11	0.783936887786005	2.54761630338116e-39	4	18
ENSG00000119280.16	0.784098532207378	2.39989245044858e-39	11	4
ENSG00000173404.4	0.784238833196055	2.27854091401757e-39	4	18
ENSG00000104529.17	0.784338922560979	2.19568644911013e-39	6	8
ENSG00000260328.1	0.784356511682615	2.18143604885577e-39	4	11
ENSG00000137076.20	0.784382958679885	2.16018056097745e-39	7	11
ENSG00000188859.6	0.78442850317935	2.12405381096675e-39	4	11
ENSG00000164924.17	0.784701918896128	1.91936226288203e-39	4	8
ENSG00000213719.8	0.784792319082878	1.85606060311386e-39	9	11
ENSG00000267372.2	0.784850007501893	1.81674521724273e-39	4	18
ENSG00000183785.14	0.785004930503785	1.71517960651793e-39	4	7
ENSG00000120896.13	0.785101857020953	1.65450373911157e-39	2	11
ENSG00000163399.15	0.785231821543874	1.57645492643213e-39	4	2
ENSG00000196876.15	0.78533331434061	1.51803829847064e-39	4	18
ENSG00000129159.7	0.78536407041245	1.50076094236404e-39	4	18
ENSG00000173611.17	0.785371937854051	1.49637259388486e-39	4	8
ENSG00000237515.8	0.785512127486458	1.42026404074971e-39	4	11
ENSG00000182149.20	0.785522290977039	1.41489707661749e-39	5	4
ENSG00000184515.10	0.785536644931444	1.40735131916408e-39	4	7
ENSG00000069966.18	0.785543814478097	1.4035972140297e-39	4	11
ENSG00000187902.11	0.7856742559543	1.33699379483818e-39	10	18
ENSG00000091844.7	0.785711901879549	1.31835789003527e-39	4	11
ENSG00000101489.19	0.785743026128015	1.30314394814494e-39	4	11
ENSG00000111961.17	0.785819880583073	1.26631375472608e-39	2	14
ENSG00000162852.13	0.785947579125329	1.20737378926893e-39	4	8
ENSG00000185090.14	0.786487227220106	9.86755417326779e-40	4	11
ENSG00000176396.10	0.786571313599237	9.56163236550613e-40	8	7
ENSG00000151376.16	0.786701043227774	9.10789697826905e-40	4	18
ENSG00000133424.20	0.786757630474882	8.91669129110048e-40	4	11
ENSG00000186487.17	0.786773169818054	8.86488064666259e-40	4	11
ENSG00000156097.12	0.786816297175796	8.72263667705336e-40	4	11
ENSG00000117155.16	0.786857027985755	8.59036378543291e-40	4	11
ENSG00000110675.12	0.787158213679001	7.67175118548275e-40	4	11
ENSG00000130540.13	0.787160278436706	7.66580055103245e-40	4	18
ENSG00000158769.17	0.787457559586495	6.8548580234084e-40	11	19
ENSG00000237190.3	0.78747296769992	6.81521437574163e-40	4	11
ENSG00000107518.16	0.787700124233089	6.25632499144717e-40	4	8
ENSG00000073464.11	0.787711466879183	6.22963466581452e-40	8	15
ENSG00000058262.9	0.787734748995006	6.17520076200745e-40	2	11
ENSG00000178951.8	0.787954006474233	5.68503436116484e-40	4	18
ENSG00000114030.12	0.788016257236412	5.55299952397322e-40	14	1
ENSG00000184545.10	0.78810054551248	5.37902856707726e-40	18	10
ENSG00000089818.17	0.788108239055701	5.36341928838943e-40	4	11
ENSG00000125814.17	0.788182707790416	5.21462012959802e-40	4	11
ENSG00000131089.15	0.788254639399434	5.07475675304447e-40	4	11
ENSG00000249992.1	0.788345402350343	4.90354419076843e-40	4	18
ENSG00000133135.13	0.788398365672848	4.80627977202344e-40	4	11
ENSG00000067842.17	0.788423975127334	4.75993387373041e-40	4	18
ENSG00000166111.9	0.788482947800025	4.6548785194351e-40	4	18
ENSG00000099260.10	0.788523641966079	4.58372102747251e-40	3	13
ENSG00000283183.1	0.788532365032621	4.568608070135e-40	4	18
ENSG00000051382.8	0.788547455378299	4.54257951628678e-40	4	8
ENSG00000110651.11	0.788807101522917	4.11695499237403e-40	2	11
ENSG00000122873.11	0.788830341123457	4.08083432029464e-40	4	7
ENSG00000137727.12	0.788955877174676	3.89105192733401e-40	8	4
ENSG00000177119.15	0.789208099815012	3.53566406369758e-40	2	11
ENSG00000154174.7	0.78932705040878	3.37935747738069e-40	4	11
ENSG00000047597.5	0.789410817726919	3.27339082406204e-40	4	11
ENSG00000157064.10	0.789420069311123	3.26189023903844e-40	4	11
ENSG00000142875.19	0.789779010914664	2.84516032706622e-40	8	11
ENSG00000164885.12	0.789923310802791	2.6928328772148e-40	4	18
ENSG00000273079.5	0.789926593121713	2.6894631705733e-40	4	11
ENSG00000233508.2	0.789948872306139	2.66670043109317e-40	4	18
ENSG00000172348.14	0.789973530919416	2.64172799320689e-40	4	11
ENSG00000129355.6	0.790088165850708	2.52862803542169e-40	4	18
ENSG00000260328.1	0.790473085884441	2.18267670367597e-40	4	18
ENSG00000105880.4	0.79049944970964	2.16076824403505e-40	4	18
ENSG00000076864.19	0.790518250228563	2.14527747745521e-40	18	10
ENSG00000107968.9	0.790582247564888	2.09336267752254e-40	11	19
ENSG00000139182.13	0.790607895060652	2.07290673207505e-40	4	18
ENSG00000066382.16	0.79069307745315	2.006370727769e-40	4	11
ENSG00000166224.16	0.790745259919582	1.96665553765366e-40	7	4
ENSG00000166348.18	0.791146947225544	1.68580255122274e-40	5	7
ENSG00000197142.10	0.791229414596941	1.63323749351703e-40	13	19
ENSG00000160712.12	0.791289020175352	1.59625384738427e-40	11	19
ENSG00000111077.17	0.791440201456414	1.5061118704375e-40	5	7
ENSG00000117600.12	0.791560393173932	1.43804447193148e-40	4	11
ENSG00000167771.5	0.791865770334218	1.27844482953625e-40	4	18
ENSG00000157087.17	0.791873060243645	1.27485656766523e-40	4	18
ENSG00000174672.15	0.791886864790614	1.26808883013678e-40	10	18
ENSG00000135250.16	0.791912846516179	1.25544709738925e-40	8	15
ENSG00000188419.13	0.791920456755983	1.25176782125304e-40	8	4
ENSG00000108509.20	0.792036218982223	1.19709407228923e-40	10	18
ENSG00000170846.16	0.792249136218872	1.10261177497958e-40	4	7
ENSG00000145428.14	0.792492218682928	1.00370763231491e-40	4	11
ENSG00000120053.10	0.792504949830137	9.98775925958824e-41	4	11
ENSG00000082153.17	0.79259134042417	9.6593579581191e-41	14	10
ENSG00000197324.8	0.792725327128833	9.17096928642161e-41	2	11
ENSG00000122574.10	0.792971498860782	8.33628008749334e-41	4	18
ENSG00000141526.16	0.793156725610834	7.75804571969923e-41	9	19
ENSG00000088367.21	0.793237231961872	7.51922437963873e-41	4	18
ENSG00000148180.19	0.793267642787128	7.43090952930582e-41	11	4
ENSG00000085733.15	0.793393997656358	7.07478921064655e-41	5	7
ENSG00000106976.20	0.793529121720712	6.71256247636808e-41	4	18
ENSG00000099814.15	0.793580445430945	6.5798239186692e-41	4	18
ENSG00000065559.14	0.793628122710204	6.45883620233217e-41	4	8
ENSG00000169933.13	0.793663759166472	6.36983853276971e-41	4	11
ENSG00000123612.15	0.793745047270839	6.17133036193645e-41	4	11
ENSG00000083168.9	0.794141168048976	5.28795396182916e-41	7	14
ENSG00000011304.19	0.794178535290289	5.21136107463094e-41	11	4
ENSG00000070961.15	0.794351813760475	4.87024204841521e-41	4	11
ENSG00000133985.2	0.79436164944411	4.85155380836396e-41	4	11
ENSG00000131187.9	0.794589525240444	4.43783790638577e-41	4	18
ENSG00000160460.15	0.794591608129986	4.43422154589801e-41	10	18
ENSG00000164209.16	0.794808656623567	4.07287659138496e-41	8	1
ENSG00000006740.16	0.795007317300307	3.76767590597866e-41	4	18
ENSG00000186377.7	0.795295167788169	3.36505654519145e-41	4	11
ENSG00000072133.10	0.795408578074873	3.21834998964724e-41	4	11
ENSG00000129933.20	0.795546543936567	3.04835866378324e-41	5	7
ENSG00000154096.13	0.795570614620922	3.0196212661216e-41	4	11
ENSG00000183775.10	0.79569438303716	2.87602204101815e-41	4	11
ENSG00000162951.10	0.795901665476786	2.650459206355e-41	4	18
ENSG00000105647.16	0.795956241898668	2.59402970493158e-41	4	18
ENSG00000107758.15	0.796014892625903	2.53470761991312e-41	4	11
ENSG00000112851.14	0.796279856417939	2.28295645666592e-41	5	7
ENSG00000105649.9	0.796393128892304	2.18300935953873e-41	4	18
ENSG00000122824.10	0.796516096406329	2.07938820789508e-41	4	7
ENSG00000132640.14	0.796680725175313	1.94821718161721e-41	5	15
ENSG00000221866.9	0.796754521722629	1.89209937287151e-41	4	18
ENSG00000101489.19	0.796985365787125	1.72664703445864e-41	4	18
ENSG00000128482.15	0.797037893240682	1.69103913187092e-41	10	18
ENSG00000144290.16	0.79720087182288	1.58510214899313e-41	4	11
ENSG00000196876.15	0.797207399441793	1.58099829912253e-41	4	11
ENSG00000196405.12	0.797334262178087	1.50328922985513e-41	10	18
ENSG00000131263.12	0.797505311545416	1.40444605931953e-41	8	6
ENSG00000122012.13	0.797965644102656	1.16915451834286e-41	4	18
ENSG00000163848.19	0.798274248107973	1.03364355428442e-41	8	1
ENSG00000122733.12	0.798341670036985	1.00616643006455e-41	4	11
ENSG00000124313.13	0.798553089436487	9.24590557088117e-42	4	18
ENSG00000197959.13	0.798633970518198	8.95138108229718e-42	8	15
ENSG00000102385.12	0.798686749631878	8.76419622702531e-42	4	18
ENSG00000159753.13	0.79876300225314	8.50055763948244e-42	10	18
ENSG00000134769.21	0.798767707901322	8.48454679185784e-42	2	11
ENSG00000006377.10	0.798848420932729	8.21450615457372e-42	4	18
ENSG00000005812.10	0.79887242365114	8.13584793730077e-42	14	1
ENSG00000169744.12	0.798879639038478	8.11234822014441e-42	4	11
ENSG00000145545.11	0.799067955584735	7.52214203696464e-42	4	11
ENSG00000136950.13	0.79907040191227	7.5147605314395e-42	4	7
ENSG00000129636.12	0.79914728817171	7.28636978377439e-42	4	8
ENSG00000102385.12	0.799996361195474	5.17725891267862e-42	4	11
ENSG00000100441.9	0.800069184555295	5.02733294180111e-42	7	11
ENSG00000118402.5	0.800123386960082	4.91852966212032e-42	4	11
ENSG00000196090.12	0.800315481067028	4.55129790004958e-42	4	11
ENSG00000233508.2	0.800326842756109	4.53044510811395e-42	4	11
ENSG00000167371.17	0.800445814129893	4.31766886737514e-42	4	18
ENSG00000166206.14	0.800482299186256	4.25441326548987e-42	4	11
ENSG00000107854.5	0.800526637711313	4.17877066113216e-42	14	1
ENSG00000159640.15	0.800925089026432	3.55586015993073e-42	10	18
ENSG00000149582.15	0.801093472072457	3.32101912720105e-42	4	18
ENSG00000143502.14	0.801099663510712	3.31268200164663e-42	4	18
ENSG00000114405.10	0.801220735670279	3.15373684328074e-42	8	4
ENSG00000239789.5	0.801226417072712	3.1464658544069e-42	4	7
ENSG00000119782.13	0.801340296873074	3.00416082792289e-42	4	18
ENSG00000275342.4	0.80143475523431	2.8909549057082e-42	4	18
ENSG00000118160.13	0.801470374741548	2.84936695154431e-42	4	18
ENSG00000153956.15	0.801566971588989	2.73953010278461e-42	4	11
ENSG00000168385.17	0.801589521290078	2.71449682731484e-42	14	2
ENSG00000176454.13	0.80161545342568	2.68598731842312e-42	10	18
ENSG00000185352.8	0.802266264403551	2.05969606448135e-42	4	11
ENSG00000213923.11	0.802317065901176	2.01736655817733e-42	5	7
ENSG00000111530.12	0.802813137922811	1.64658265390867e-42	8	1
ENSG00000006116.3	0.802831157897489	1.63446215289778e-42	4	18
ENSG00000182979.17	0.802875843485326	1.60478421639432e-42	6	8
ENSG00000153233.12	0.803034102823115	1.50388701785281e-42	4	11
ENSG00000107147.12	0.803167441212274	1.42375320102051e-42	10	18
ENSG00000104976.11	0.803248802620927	1.37694056447821e-42	4	18
ENSG00000150394.13	0.803427124792207	1.2795832902908e-42	4	11
ENSG00000188021.8	0.803434998203926	1.27544486770101e-42	4	11
ENSG00000105696.8	0.803647960612334	1.16837983733051e-42	4	18
ENSG00000124782.19	0.804066109871959	9.83292960508298e-43	11	4
ENSG00000189159.15	0.804067078602791	9.82899685084374e-43	4	7
ENSG00000110931.18	0.804091514017095	9.73030781596029e-43	4	11
ENSG00000077264.14	0.804102681667569	9.68553016753097e-43	4	11
ENSG00000158560.14	0.804762038339232	7.37263646159757e-43	4	11
ENSG00000115896.15	0.804815391115532	7.21131384923399e-43	5	15
ENSG00000176204.13	0.804903906626939	6.95131369985677e-43	4	11
ENSG00000135454.13	0.804966858874465	6.77204817907989e-43	4	18
ENSG00000130590.13	0.805029371959662	6.59854602996585e-43	10	18
ENSG00000134504.12	0.805047117263937	6.55009856254173e-43	4	18
ENSG00000162639.15	0.805424837719787	5.59817801339586e-43	4	11
ENSG00000206052.10	0.805593053831047	5.21945883749607e-43	4	11
ENSG00000154096.13	0.80566001062425	5.07584471648815e-43	4	18
ENSG00000260230.2	0.805927790548444	4.53942762086549e-43	4	11
ENSG00000077279.18	0.805935403956178	4.52502365019193e-43	4	11
ENSG00000159082.17	0.806050473391121	4.31273078071059e-43	4	8
ENSG00000008086.11	0.806560524681257	3.48403885829585e-43	4	11
ENSG00000166924.8	0.806757794330556	3.20750830366705e-43	4	18
ENSG00000186862.17	0.807615290671879	2.23649807448089e-43	18	10
ENSG00000173452.13	0.807818353985746	2.05290575830953e-43	4	11
ENSG00000271614.1	0.808136589530402	1.7946577911113e-43	4	11
ENSG00000122786.19	0.80815738689552	1.77894331863331e-43	13	7
ENSG00000008300.16	0.808366601397753	1.62821914042295e-43	10	18
ENSG00000132932.16	0.808598834096942	1.47563140060635e-43	4	11
ENSG00000106367.13	0.808965940057407	1.26271254752636e-43	4	11
ENSG00000149575.5	0.809106800341899	1.18932073280951e-43	4	11
ENSG00000170579.16	0.809319164611552	1.08655468374214e-43	4	11
ENSG00000204116.11	0.809400366661372	1.04961852092108e-43	4	8
ENSG00000018280.16	0.809494304488934	1.00843201954286e-43	9	19
ENSG00000132938.19	0.809526178592152	9.94822423592091e-44	4	18
ENSG00000145428.14	0.809871437912638	8.5852728869784e-44	4	7
ENSG00000159082.17	0.810172519633859	7.54820656732671e-44	4	11
ENSG00000273079.5	0.81081184543277	5.73839510408021e-44	4	18
ENSG00000133627.17	0.810977922468253	5.3430593992259e-44	4	11
ENSG00000177542.10	0.81160726477154	4.07414446585419e-44	4	18
ENSG00000205090.8	0.812148743050285	3.22380074957258e-44	4	18
ENSG00000176749.8	0.812276163626273	3.05067372696619e-44	4	11
ENSG00000165300.7	0.812753198207694	2.48019387078147e-44	4	11
ENSG00000157827.19	0.813104477544243	2.12869199684049e-44	5	7
ENSG00000144406.18	0.813203787656896	2.03855849991743e-44	4	11
ENSG00000182450.12	0.813610909353794	1.7067802875592e-44	4	18
ENSG00000164794.8	0.814184804218211	1.32772560701639e-44	4	11
ENSG00000070808.15	0.81462634788603	1.09379242313209e-44	4	18
ENSG00000198598.6	0.814805473965876	1.01093484134001e-44	10	18
ENSG00000090054.13	0.815004297038679	9.26202511445929e-45	14	1
ENSG00000165704.14	0.815221689763532	8.41560892341163e-45	4	7
ENSG00000170091.10	0.815273667516875	8.22481493548105e-45	4	18
ENSG00000110427.14	0.815315819874213	8.07322491872893e-45	4	11
ENSG00000204580.13	0.815735186009929	6.70744265257708e-45	11	4
ENSG00000204592.8	0.81577437965634	6.59210225509889e-45	19	13
ENSG00000075340.22	0.815916904094551	6.18892955153064e-45	4	18
ENSG00000134717.17	0.815924640617306	6.16775443197455e-45	8	6
ENSG00000204116.11	0.815968880109372	6.04803489645575e-45	4	11
ENSG00000141380.13	0.816177835387186	5.51283565448296e-45	14	4
ENSG00000124772.11	0.816278249447918	5.27253810061525e-45	4	18
ENSG00000140262.17	0.817182707297115	3.52488587799406e-45	5	14
ENSG00000136758.18	0.817224284508634	3.46005445398799e-45	14	1
ENSG00000178974.9	0.817241532076348	3.43350671432087e-45	4	8
ENSG00000184368.15	0.817244680279694	3.42868267613386e-45	4	11
ENSG00000168394.10	0.81780653734035	2.66663568556616e-45	11	19
ENSG00000080845.17	0.818263121195623	2.17258049922099e-45	4	18
ENSG00000146267.11	0.818569801337611	1.89262100613568e-45	4	7
ENSG00000158748.3	0.818589057336933	1.87628184585831e-45	4	18
ENSG00000273032.1	0.818758636867306	1.73826858134644e-45	4	18
ENSG00000185105.5	0.818840009416636	1.67564722867361e-45	4	18
ENSG00000220008.3	0.819018238725818	1.54615823859258e-45	4	18
ENSG00000130770.17	0.819143989326223	1.46078635462245e-45	4	7
ENSG00000135709.12	0.819489778713055	1.24927400129209e-45	4	18
ENSG00000143590.13	0.819962636640756	1.00816314152883e-45	4	18
ENSG00000100441.9	0.820034324711009	9.75861926218681e-46	7	4
ENSG00000174791.10	0.820063146524628	9.63165029180009e-46	10	18
ENSG00000166501.12	0.820206461025376	9.02410301522191e-46	4	18
ENSG00000073969.18	0.820326697044738	8.54367386105331e-46	4	11
ENSG00000213424.8	0.820959503150858	6.40184175310011e-46	4	11
ENSG00000171617.13	0.821119410469164	5.95050534684874e-46	4	11
ENSG00000077150.18	0.821385411470709	5.26825314311004e-46	11	19
ENSG00000075340.22	0.821436233988545	5.14697347230519e-46	4	11
ENSG00000110786.17	0.821516614508422	4.96075783488367e-46	4	18
ENSG00000137876.9	0.8215425202312	4.90217079515743e-46	8	6
ENSG00000165943.4	0.821842360509504	4.27178116390556e-46	4	8
ENSG00000166111.9	0.821880459582492	4.19763924756136e-46	4	11
ENSG00000198934.4	0.821963078745016	4.04119297407849e-46	4	11
ENSG00000151948.11	0.822081690708198	3.82659857655238e-46	4	11
ENSG00000174996.11	0.822280907913985	3.49118585366816e-46	4	18
ENSG00000178171.10	0.822347868988185	3.38509411530244e-46	4	18
ENSG00000188573.7	0.822405330898138	3.29659265787343e-46	4	18
ENSG00000136531.15	0.822498591002636	3.15778968034896e-46	4	11
ENSG00000116478.11	0.822682070782497	2.90132332079065e-46	7	4
ENSG00000088538.12	0.823209896882312	2.27264559927836e-46	4	11
ENSG00000180488.14	0.823321751787661	2.15779224782065e-46	8	15
ENSG00000185742.6	0.823490083956539	1.99565667163017e-46	4	11
ENSG00000145087.12	0.823755972073188	1.76371409439046e-46	4	11
ENSG00000158710.14	0.824205843668223	1.43032927947005e-46	19	11
ENSG00000148600.14	0.82467953616676	1.14642360624121e-46	4	18
ENSG00000185201.16	0.825199842714693	8.98389568669582e-47	11	19
ENSG00000107758.15	0.825231993896801	8.84933333375571e-47	4	8
ENSG00000165152.8	0.825628306929998	7.34531138915111e-47	4	11
ENSG00000109738.10	0.825846029109948	6.62947226861212e-47	4	8
ENSG00000101977.19	0.825862307247683	6.57880574862342e-47	4	11
ENSG00000172915.18	0.825929113613477	6.37483803694727e-47	4	11
ENSG00000130822.15	0.826077368134168	5.9442179146275e-47	4	18
ENSG00000077152.9	0.826298064580068	5.35580794206318e-47	4	7
ENSG00000197535.14	0.826384567011865	5.14119390003105e-47	4	11
ENSG00000129951.18	0.826580506388485	4.685938164472e-47	4	18
ENSG00000168610.14	0.826608039587752	4.62523883233632e-47	11	19
ENSG00000205629.11	0.8267446060785	4.33544372471992e-47	4	7
ENSG00000171992.12	0.826856402961294	4.11160448861389e-47	4	18
ENSG00000172466.15	0.826988697828998	3.86141633553627e-47	5	14
ENSG00000061918.12	0.8271766577869	3.53158791842699e-47	4	11
ENSG00000050748.17	0.827453343859517	3.09601932219772e-47	4	11
ENSG00000124570.17	0.828816669589042	1.61298807963118e-47	11	4
ENSG00000101349.16	0.8289424556175	1.51837289671591e-47	4	11
ENSG00000067182.7	0.828974296691716	1.49530407469553e-47	11	19
ENSG00000184014.7	0.829087448027444	1.4160891280355e-47	5	7
ENSG00000115020.16	0.829100613474871	1.40714551601672e-47	14	1
ENSG00000067840.12	0.829109477860867	1.40115513479045e-47	4	18
ENSG00000148408.12	0.829699394252102	1.05425270388046e-47	4	18
ENSG00000150672.16	0.829859960317104	9.75520641587637e-48	4	11
ENSG00000142235.8	0.829958014022403	9.30324191543823e-48	18	10
ENSG00000149313.10	0.830391883718137	7.53902579171862e-48	4	8
ENSG00000129990.14	0.830461946066574	7.28692863959915e-48	4	18
ENSG00000186642.15	0.830542827786945	7.00623052308727e-48	4	18
ENSG00000198513.11	0.830823511897062	6.11238425981461e-48	4	11
ENSG00000197860.9	0.831605670871305	4.17311940729512e-48	4	8
ENSG00000158195.10	0.831986210080589	3.46346587543412e-48	2	11
ENSG00000020129.15	0.833045873817739	2.0559899887889e-48	4	18
ENSG00000158528.11	0.834242098015473	1.13612041208564e-48	4	11
ENSG00000107282.7	0.835557752094002	5.88472663467919e-49	4	18
ENSG00000148700.14	0.835831154049748	5.12907985618202e-49	2	14
ENSG00000104067.16	0.836309080735536	4.03123824436169e-49	5	7
ENSG00000263874.2	0.836462348493423	3.7309743309562e-49	4	11
ENSG00000067560.10	0.836533968741638	3.59833735993199e-49	14	4
ENSG00000183255.11	0.837120887500499	2.67293477436314e-49	11	4
ENSG00000196872.11	0.837129204336569	2.66167541643061e-49	4	18
ENSG00000028137.18	0.838125499510899	1.60248220050388e-49	9	19
ENSG00000082458.11	0.83841415676226	1.38250976660341e-49	4	11
ENSG00000100346.17	0.839886646332013	6.48007349967639e-50	18	10
ENSG00000101079.20	0.839947790079356	6.27831165597138e-50	4	11
ENSG00000075035.9	0.839995619952191	6.12481516761357e-50	4	18
ENSG00000176182.5	0.840459819636737	4.81480693175405e-50	4	18
ENSG00000135740.16	0.840685168409318	4.28273408085793e-50	18	10
ENSG00000185274.11	0.840871243414169	3.8874708319714e-50	4	18
ENSG00000105376.4	0.841016004805297	3.60506296251674e-50	4	18
ENSG00000004660.14	0.841035566973284	3.56848704406642e-50	4	18
ENSG00000143772.9	0.84122245084799	3.23701538398633e-50	2	11
ENSG00000197586.12	0.841736343412905	2.47421286093457e-50	4	18
ENSG00000114353.16	0.841780383672983	2.41777515146737e-50	11	4
ENSG00000158856.17	0.842815796880631	1.40257263521034e-50	4	18
ENSG00000145623.12	0.842854134273218	1.37447292574629e-50	11	19
ENSG00000135002.11	0.842896162259864	1.34430623020034e-50	4	8
ENSG00000182149.20	0.84429295086674	6.4056349475406e-51	5	7
ENSG00000105143.12	0.845029048958643	4.32141964148649e-51	4	18
ENSG00000089159.16	0.845146504401761	4.05759524062433e-51	19	11
ENSG00000213023.10	0.845234354603995	3.87072018637201e-51	4	18
ENSG00000111218.11	0.845679916526053	3.04606696576883e-51	4	18
ENSG00000182400.14	0.84631144600506	2.16616988234783e-51	4	11
ENSG00000130477.15	0.846367726788973	2.10119566010102e-51	4	18
ENSG00000072201.13	0.846421361422629	2.04106757409802e-51	4	11
ENSG00000071189.21	0.846683942069319	1.7703408333876e-51	14	1
ENSG00000250366.2	0.847140229215583	1.38162355423595e-51	4	18
ENSG00000241360.1	0.847251015356445	1.30075388055972e-51	4	18
ENSG00000125966.9	0.847618436162682	1.06456447126894e-51	4	18
ENSG00000144583.4	0.848918681889187	5.21621915864027e-52	4	18
ENSG00000166448.14	0.849425861879266	3.94199424378402e-52	4	18
ENSG00000180720.7	0.84970126396364	3.38436310518719e-52	4	18
ENSG00000198216.10	0.84973260377424	3.32606529805908e-52	4	18
ENSG00000108352.11	0.85025180110396	2.49266875776248e-52	18	10
ENSG00000135519.6	0.850287658221754	2.44340719253581e-52	18	10
ENSG00000120265.16	0.850402587980033	2.29189880236513e-52	4	8
ENSG00000113763.10	0.850675723243476	1.96803540881676e-52	4	18
ENSG00000127152.17	0.850856770799709	1.77870621501253e-52	4	18
ENSG00000250067.11	0.851260445852255	1.41888770547939e-52	4	18
ENSG00000169891.17	0.851457664030022	1.2702445364113e-52	4	11
ENSG00000164061.4	0.85148621317643	1.25004122847931e-52	4	18
ENSG00000066248.14	0.851782944602023	1.05795294333167e-52	4	18
ENSG00000145920.14	0.852387942236412	7.52041948504873e-53	4	18
ENSG00000164076.16	0.852914702082239	5.58014239910203e-53	4	18
ENSG00000181418.7	0.853781621289661	3.40607779726926e-53	4	18
ENSG00000189410.11	0.854548386130332	2.19520203933611e-53	4	18
ENSG00000168539.3	0.854851797749753	1.84365389212813e-53	4	18
ENSG00000011347.9	0.85493652330209	1.75583347619411e-53	4	18
ENSG00000123570.3	0.855145413888876	1.55656348241758e-53	4	11
ENSG00000163462.17	0.855183891419686	1.52237348189446e-53	18	10
ENSG00000167178.15	0.856703630350894	6.29945197329555e-54	4	18
ENSG00000166398.12	0.856926724251208	5.52936500116386e-54	5	7
ENSG00000169220.17	0.857107303085467	4.97472304062845e-54	4	18
ENSG00000174871.10	0.858079848830632	2.80828402498199e-54	4	18
ENSG00000112531.16	0.859464569831192	1.23498129588963e-54	5	14
ENSG00000074657.13	0.859762382294606	1.0337813472846e-54	5	7
ENSG00000167702.11	0.860326723783872	7.37205585151868e-55	18	10
ENSG00000162975.4	0.861866459427953	2.90842174495504e-55	4	18
ENSG00000139973.16	0.862076252188821	2.56001887105732e-55	4	11
ENSG00000213719.8	0.862635719937261	1.81977989113834e-55	9	19
ENSG00000101210.10	0.863871263030804	8.51818443667984e-56	4	18
ENSG00000143337.18	0.86412031624024	7.30300499697243e-56	2	14
ENSG00000172375.12	0.865672570007237	2.77887572698128e-56	4	18
ENSG00000183307.3	0.866076171056305	2.15725504723634e-56	4	18
ENSG00000272031.2	0.866767846959973	1.39510815846963e-56	4	18
ENSG00000110931.18	0.868683385449667	4.11893477469559e-57	4	18
ENSG00000156959.8	0.869456925757179	2.50300419924669e-57	4	18
ENSG00000138028.15	0.86999674424685	1.76473293504588e-57	4	18
ENSG00000167680.15	0.871677522817737	5.88441556705423e-58	4	18
ENSG00000059915.16	0.872393273882038	3.6689308249286e-58	4	18
ENSG00000055118.14	0.873151086778641	2.21801817506503e-58	4	18
ENSG00000160396.8	0.873401839322844	1.87642692633176e-58	4	18
ENSG00000160716.5	0.874241803718908	1.06879465018346e-58	4	18
ENSG00000135423.12	0.87516085217542	5.74677766865221e-59	4	18
ENSG00000118762.7	0.877406510778742	1.23572425254678e-59	5	7
ENSG00000168135.4	0.878300782863091	6.64426327905985e-60	4	18
ENSG00000067606.16	0.880578200003596	1.33809436315225e-60	4	18
ENSG00000119946.10	0.880694415549727	1.23194690137543e-60	4	18
ENSG00000101098.12	0.880748349102424	1.18555352049328e-60	4	18
ENSG00000137825.10	0.880805490625856	1.13828222277176e-60	4	18
ENSG00000163704.11	0.882408908834072	3.60295000583604e-61	4	18
ENSG00000184702.17	0.882663972489476	2.99581240707207e-61	4	18
ENSG00000163013.11	0.884011136861779	1.12230293756197e-61	4	18
ENSG00000104059.4	0.884162920537273	1.00400586474812e-61	4	18
ENSG00000168490.13	0.884697797889872	6.77217894125388e-62	4	18
ENSG00000141750.6	0.886365320097329	1.95935917519031e-62	4	18
ENSG00000187730.8	0.887929938655643	6.01199858245861e-63	4	18
ENSG00000069424.14	0.890127758036341	1.10979177767877e-63	4	18
ENSG00000077080.9	0.890645826681301	7.41312072368533e-64	4	18
ENSG00000132535.18	0.890760491454551	6.77790651965466e-64	4	18
ENSG00000171813.13	0.893258667439732	9.38701694886668e-65	4	18
ENSG00000171450.5	0.894204090667654	4.38558409862109e-65	4	18
ENSG00000139200.13	0.89427218171033	4.15052829891222e-65	4	18
ENSG00000137843.11	0.894288114930999	4.09734768185001e-65	4	18
ENSG00000127585.11	0.895173769592557	1.99423886699956e-65	4	18
ENSG00000099365.10	0.896363672624066	7.50209631430035e-66	4	18
ENSG00000142408.4	0.896448201497429	6.99558144869878e-66	4	18
ENSG00000197562.9	0.897584828358784	2.71664098585845e-66	4	18
ENSG00000167281.18	0.898260070482574	1.54063313030629e-66	4	18
ENSG00000124507.10	0.898741322036734	1.02583401779144e-66	4	18
ENSG00000175229.6	0.900554621683116	2.17529619097761e-67	4	18
ENSG00000116544.11	0.904314084314344	7.92029626009356e-69	4	18
ENSG00000132879.13	0.904319161495387	7.88421152663862e-69	4	18
ENSG00000088899.14	0.905061230303017	4.03371516044182e-69	4	18
ENSG00000163995.19	0.905223150379373	3.48239950251283e-69	4	18
ENSG00000173898.11	0.908792813290804	1.27302736441731e-70	4	18
ENSG00000092051.16	0.90991450451488	4.37557162898668e-71	4	18
ENSG00000173175.14	0.915289092279517	2.14388470158936e-73	4	18
ENSG00000107954.10	0.924974805446776	5.65826944108987e-78	4	18
ENSG00000114923.16	0.933526319566181	1.46726353365823e-82	4	18
ENSG00000135439.11	0.934159066569956	6.35570270119875e-83	4	18
ENSG00000154118.12	0.95183103402487	7.39875644449065e-95	4	18
