gene	corr	pvalue	gene_mod	pc_mod
ENSG00000171163.15	0.745186663880351	1.11678712885556e-22	6	22
ENSG00000103249.17	0.745195072816165	1.11490378092207e-22	2	22
ENSG00000198934.4	0.745201734871775	1.11341388439966e-22	4	17
ENSG00000187664.8	0.745212291209271	1.11105705547559e-22	8	20
ENSG00000109787.12	0.745218479542699	1.10967770228356e-22	18	8
ENSG00000182899.14	0.745235898889166	1.10580397906322e-22	21	11
ENSG00000099804.8	0.74530421914892	1.09073798154958e-22	2	9
ENSG00000151952.15	0.745322833743722	1.08666796598705e-22	4	20
ENSG00000129675.15	0.745333613977624	1.08431769318144e-22	1	8
ENSG00000073169.13	0.74543766103014	1.06188741661492e-22	2	6
ENSG00000118276.11	0.745446891004423	1.05991966506754e-22	4	20
ENSG00000180964.16	0.745449064966394	1.05945671349614e-22	12	6
ENSG00000170786.12	0.745488256658383	1.05114452583492e-22	4	20
ENSG00000176485.11	0.745505416854742	1.04752509493991e-22	3	11
ENSG00000142686.7	0.745523259524853	1.04377462694067e-22	4	20
ENSG00000100813.14	0.745544151254907	1.03939992545309e-22	6	22
ENSG00000132963.7	0.745579588875058	1.03202025603959e-22	21	22
ENSG00000196990.8	0.745656048675186	1.0162718815801e-22	7	8
ENSG00000172380.5	0.745685877331479	1.01019195889542e-22	1	8
ENSG00000076928.17	0.74572377145234	1.00251928797447e-22	14	12
ENSG00000165152.8	0.745791925121004	9.88862777102743e-23	4	17
ENSG00000149269.9	0.745804448508858	9.86373203274059e-23	4	8
ENSG00000198794.11	0.745847562000085	9.77849233574166e-23	8	11
ENSG00000144224.16	0.745938794087346	9.6004828940319e-23	14	18
ENSG00000006025.11	0.745941742388223	9.59478337559602e-23	6	2
ENSG00000105723.11	0.745954296608009	9.57055112018121e-23	8	7
ENSG00000213585.10	0.745954923210249	9.56934321520544e-23	12	24
ENSG00000119699.7	0.745963483258416	9.55285686360722e-23	3	20
ENSG00000172164.13	0.746091913310249	9.3088107369234e-23	1	18
ENSG00000149927.17	0.746183573633564	9.13837074127887e-23	8	4
ENSG00000119280.16	0.746219521686022	9.07236180877362e-23	1	18
ENSG00000163827.12	0.74623870631509	9.03732524245091e-23	4	20
ENSG00000185634.11	0.746281544392747	8.95956718341499e-23	3	20
ENSG00000104870.12	0.746384834619586	8.77475654649357e-23	1	4
ENSG00000100100.12	0.746399592811661	8.74865657117634e-23	1	4
ENSG00000130255.12	0.74642451327395	8.70475658721099e-23	11	21
ENSG00000139998.14	0.746436452283571	8.6838010952462e-23	8	7
ENSG00000177971.8	0.746457412681565	8.64713029661152e-23	12	14
ENSG00000181991.15	0.746463854323972	8.63589088425658e-23	12	14
ENSG00000273032.1	0.746481214875513	8.60567110932421e-23	8	18
ENSG00000176204.13	0.746514043225182	8.5488084091401e-23	4	20
ENSG00000132932.16	0.746523594817729	8.53233293128295e-23	4	8
ENSG00000198010.12	0.746587966327719	8.42210504409916e-23	8	20
ENSG00000166105.15	0.746635444180596	8.34169795737703e-23	8	20
ENSG00000113269.13	0.746656135919962	8.30689012193282e-23	3	20
ENSG00000174915.11	0.746665554289185	8.29109348182349e-23	6	9
ENSG00000119280.16	0.746698617276896	8.235871684723e-23	1	4
ENSG00000085733.15	0.746740784569746	8.16596496764999e-23	6	12
ENSG00000146535.13	0.746773417068473	8.11226361902678e-23	1	4
ENSG00000019505.7	0.746779755677907	8.10187263622735e-23	4	17
ENSG00000115233.11	0.746798366826102	8.07143816208933e-23	24	6
ENSG00000164172.18	0.746799120316891	8.07020834743759e-23	12	6
ENSG00000237289.9	0.746851516706938	7.98513670487188e-23	8	18
ENSG00000128285.4	0.746930512483425	7.8585314529501e-23	4	20
ENSG00000188191.14	0.746998447400097	7.75122324624305e-23	8	20
ENSG00000213923.11	0.747013978075335	7.72689316467074e-23	6	17
ENSG00000101911.12	0.747027465812123	7.70582405516837e-23	4	17
ENSG00000168434.12	0.747100694322788	7.5924100559237e-23	6	2
ENSG00000171421.12	0.74711548931139	7.56969486420022e-23	12	6
ENSG00000175426.10	0.747159777095544	7.50209457891689e-23	4	8
ENSG00000181754.6	0.747161153754106	7.50000274443718e-23	8	4
ENSG00000172350.9	0.747175002264845	7.47899158458904e-23	8	4
ENSG00000168135.4	0.747207847931496	7.42938732548181e-23	7	18
ENSG00000112851.14	0.747237772317416	7.38447473393128e-23	3	18
ENSG00000139767.8	0.747257410125934	7.35514520795344e-23	8	4
ENSG00000157445.14	0.747264725252032	7.34424901212987e-23	4	18
ENSG00000080822.16	0.747320457531957	7.26174951478011e-23	3	20
ENSG00000187735.13	0.747383992167748	7.16880436442209e-23	18	8
ENSG00000174145.7	0.747418230826153	7.11919939024514e-23	4	20
ENSG00000041353.9	0.747421682097178	7.1142178314708e-23	12	17
ENSG00000240694.8	0.747430725498333	7.10118074752567e-23	4	20
ENSG00000118482.11	0.747435791183596	7.09388819147539e-23	18	20
ENSG00000051382.8	0.74746511670519	7.05181474354487e-23	4	24
ENSG00000175220.11	0.747466881635894	7.04929038202054e-23	6	12
ENSG00000079805.16	0.747485749165415	7.02235945670489e-23	14	17
ENSG00000103723.12	0.747500271134512	7.00169972566665e-23	2	9
ENSG00000116675.15	0.747515626301304	6.97991922823613e-23	4	16
ENSG00000148356.13	0.747640478706624	6.80526260348408e-23	8	18
ENSG00000069345.11	0.747671412050073	6.76265411613515e-23	12	4
ENSG00000175077.5	0.747673556474815	6.75971000211049e-23	4	20
ENSG00000183775.10	0.747704327956103	6.71760099884947e-23	4	17
ENSG00000055211.12	0.747722875975167	6.69234300003529e-23	1	4
ENSG00000169933.13	0.747746869313548	6.65980736253453e-23	4	8
ENSG00000102385.12	0.747768206237142	6.63100374265685e-23	8	11
ENSG00000257103.8	0.74780875111715	6.57660544872495e-23	20	4
ENSG00000197177.15	0.747884715017762	6.47585724533183e-23	8	18
ENSG00000115257.15	0.747918639326433	6.43135316070618e-23	2	9
ENSG00000184384.13	0.747952120215199	6.38772378957098e-23	1	18
ENSG00000178996.13	0.747966652548382	6.36887663383497e-23	1	18
ENSG00000110514.19	0.748099526553195	6.19905094671879e-23	8	18
ENSG00000068615.17	0.748168873092607	6.11218460186249e-23	4	20
ENSG00000213585.10	0.748218233666726	6.05107913455235e-23	12	4
ENSG00000188859.6	0.74825003464603	6.01202793746421e-23	4	8
ENSG00000168490.13	0.748255710535783	6.00508395790436e-23	8	4
ENSG00000149970.14	0.748271087354157	5.98631104158944e-23	4	20
ENSG00000154582.16	0.74827291164226	5.98408765238879e-23	12	6
ENSG00000148925.10	0.748320001389446	5.92697440109923e-23	4	17
ENSG00000278195.1	0.748330681873285	5.91409475324241e-23	8	4
ENSG00000137210.13	0.748332108082537	5.9123769512031e-23	22	21
ENSG00000106605.10	0.748358684963808	5.88045537498067e-23	24	12
ENSG00000156564.8	0.748372409898653	5.86403630279439e-23	8	18
ENSG00000104205.12	0.748441877679565	5.78161692651141e-23	1	20
ENSG00000132821.11	0.748615974176021	5.58000202289721e-23	8	18
ENSG00000203772.7	0.74867258933338	5.51593046571935e-23	8	18
ENSG00000185033.14	0.748714183080723	5.46931723506125e-23	1	17
ENSG00000067191.15	0.748714526594176	5.46893387365474e-23	8	11
ENSG00000148842.17	0.748753186963858	5.42595617009757e-23	8	18
ENSG00000260838.3	0.748777390211755	5.39921819556454e-23	8	4
ENSG00000075340.22	0.748842899739892	5.32749211942461e-23	4	7
ENSG00000168000.14	0.748901345115452	5.26428687351787e-23	8	2
ENSG00000073670.13	0.74890145906916	5.26416435773855e-23	8	11
ENSG00000125827.8	0.748994811552676	5.16472792486925e-23	4	24
ENSG00000078328.19	0.749000571508542	5.15865305416589e-23	4	17
ENSG00000154917.10	0.749004663926502	5.15434113329033e-23	4	7
ENSG00000164061.4	0.749082744146048	5.07274420989129e-23	8	4
ENSG00000278727.1	0.749126208558581	5.0278703767927e-23	4	17
ENSG00000132612.15	0.749168572015948	4.98450650181107e-23	2	9
ENSG00000146151.12	0.749197455346502	4.95515079599667e-23	24	12
ENSG00000004660.14	0.749209331771415	4.94312920184174e-23	8	20
ENSG00000142408.4	0.749276214166938	4.87595946626587e-23	8	18
ENSG00000117691.9	0.749290202691963	4.8620240214263e-23	3	11
ENSG00000100201.20	0.749296897380852	4.85536851016395e-23	14	6
ENSG00000084731.14	0.749305667103569	4.84666357330689e-23	4	7
ENSG00000169231.13	0.74931840196997	4.83404992552425e-23	2	6
ENSG00000140750.16	0.749353711513734	4.79924398349886e-23	14	6
ENSG00000130304.16	0.749365658598301	4.78752282262373e-23	1	24
ENSG00000122863.5	0.749390704577172	4.76304117219676e-23	1	4
ENSG00000129422.14	0.749537591403719	4.62190684567366e-23	20	14
ENSG00000185924.6	0.749544638754618	4.61523920857762e-23	8	7
ENSG00000246363.2	0.749559524332657	4.60118654382068e-23	12	4
ENSG00000135862.5	0.749574843460853	4.58676823664068e-23	15	17
ENSG00000147400.8	0.749645925953974	4.52044120712965e-23	22	21
ENSG00000102934.9	0.749648660289276	4.51790860607364e-23	3	20
ENSG00000136928.6	0.749655185621491	4.51187030105799e-23	8	18
ENSG00000139921.12	0.749694103601109	4.47602042145343e-23	1	18
ENSG00000112640.14	0.749702121315448	4.46866943198673e-23	4	18
ENSG00000137494.13	0.749744694695353	4.42983345799602e-23	4	20
ENSG00000008118.9	0.749746912073319	4.42781979780308e-23	8	20
ENSG00000185518.11	0.749750932848725	4.42417070496212e-23	8	4
ENSG00000139973.16	0.749773413861736	4.40382192302532e-23	4	20
ENSG00000137825.10	0.749782524007304	4.39560189768381e-23	7	8
ENSG00000155096.13	0.749804023044877	4.37626283819526e-23	24	9
ENSG00000140612.13	0.749816647058291	4.36494590413755e-23	11	20
ENSG00000185760.15	0.749822117764997	4.36005051428055e-23	4	20
ENSG00000167549.18	0.749822873802315	4.35937440624464e-23	2	9
ENSG00000103174.11	0.749854672824329	4.3310297887604e-23	8	18
ENSG00000186212.3	0.7499541567579	4.24351090828557e-23	4	20
ENSG00000197106.6	0.749957719430692	4.24040898415136e-23	8	18
ENSG00000167930.15	0.749965980810915	4.2332245427587e-23	17	4
ENSG00000179195.15	0.749983223214356	4.21826811942382e-23	3	20
ENSG00000132164.9	0.750051797856279	4.15929432641356e-23	1	16
ENSG00000082701.14	0.750085818203844	4.13033673428839e-23	4	24
ENSG00000158445.9	0.750113031655099	4.10731494839651e-23	8	20
ENSG00000145526.11	0.750115881695444	4.10491116220559e-23	4	8
ENSG00000102699.5	0.750139816934317	4.08477782677867e-23	18	4
ENSG00000188243.12	0.750143383004071	4.08178646561882e-23	21	11
ENSG00000162409.10	0.750162349960815	4.06591215639901e-23	4	20
ENSG00000125868.15	0.750189392084499	4.04338362850945e-23	24	12
ENSG00000167371.17	0.750219145553149	4.01873720864248e-23	8	18
ENSG00000184307.14	0.750275775569638	3.97223236099398e-23	8	4
ENSG00000258366.7	0.750299264478901	3.95309779636505e-23	2	9
ENSG00000178662.15	0.750317761005955	3.93809353690733e-23	4	17
ENSG00000124313.13	0.750330962790602	3.92741838062871e-23	8	18
ENSG00000188647.12	0.750377329767504	3.89014891545294e-23	1	18
ENSG00000171617.13	0.750400547139848	3.87161700114655e-23	4	20
ENSG00000165943.4	0.750617520513304	3.70254825472336e-23	4	20
ENSG00000100604.12	0.750727048596703	3.61996405622034e-23	8	18
ENSG00000162931.11	0.750744623883374	3.60688094250059e-23	8	2
ENSG00000124942.13	0.750746578928421	3.60542845760407e-23	1	17
ENSG00000163618.17	0.750746696953878	3.60534078983967e-23	4	8
ENSG00000107758.15	0.750767880618232	3.58963952805452e-23	4	24
ENSG00000167770.11	0.750778089377616	3.58209670462037e-23	8	4
ENSG00000166780.10	0.75078658811181	3.57582916059049e-23	4	8
ENSG00000150093.18	0.750812487773162	3.55679499559891e-23	20	14
ENSG00000204856.11	0.750835574815571	3.53991135385041e-23	4	17
ENSG00000173801.16	0.750884673825576	3.50426498451616e-23	1	4
ENSG00000102901.12	0.750940874301327	3.46389324103363e-23	2	9
ENSG00000128656.13	0.750971430095313	3.4421344844296e-23	8	20
ENSG00000018408.14	0.751043589210602	3.39127872149362e-23	13	18
ENSG00000141759.14	0.75109024226796	3.35879045355464e-23	12	21
ENSG00000133265.10	0.751094201516966	3.35604735135634e-23	19	14
ENSG00000237949.1	0.751136404031773	3.32694368855146e-23	3	11
ENSG00000186907.7	0.751194673181023	3.28716509798453e-23	8	18
ENSG00000114841.17	0.751204992699854	3.28016887540998e-23	6	2
ENSG00000099904.15	0.751205264784578	3.27998460979695e-23	2	22
ENSG00000184388.5	0.751273598351654	3.23402544857398e-23	4	20
ENSG00000133816.13	0.751285075244281	3.22636838803519e-23	8	18
ENSG00000141622.13	0.751347150914951	3.18525923871962e-23	8	18
ENSG00000133101.9	0.751387318284687	3.15893188513892e-23	4	8
ENSG00000186732.13	0.751438225082267	3.12587078550004e-23	7	4
ENSG00000139973.16	0.751464283941445	3.10907808953744e-23	4	8
ENSG00000163462.17	0.751536143608463	3.06322605412254e-23	8	2
ENSG00000156162.16	0.751561458558391	3.0472310622391e-23	1	8
ENSG00000103197.16	0.75172976480578	2.94294416440412e-23	2	6
ENSG00000080815.18	0.751788871487563	2.90715408240787e-23	3	20
ENSG00000057663.14	0.751850724655227	2.87015637080855e-23	12	17
ENSG00000023697.12	0.751868364873359	2.85968938684986e-23	18	8
ENSG00000082458.11	0.751885894107642	2.84932520395597e-23	4	17
ENSG00000214548.14	0.751897197522836	2.84266151744508e-23	2	9
ENSG00000135333.13	0.751903170373904	2.83914650221991e-23	4	8
ENSG00000161021.11	0.75198520327973	2.79129780080939e-23	6	17
ENSG00000171703.16	0.75199770028891	2.78407796370508e-23	2	19
ENSG00000105220.14	0.752015911511132	2.77358953943293e-23	8	18
ENSG00000155256.17	0.752037356958559	2.76128791537292e-23	8	18
ENSG00000136738.14	0.752059242266177	2.74878894197001e-23	24	12
ENSG00000061918.12	0.752066401353948	2.744712309146e-23	4	20
ENSG00000186787.8	0.752191762083126	2.67427755651865e-23	4	17
ENSG00000178764.7	0.752211790713297	2.66318919056381e-23	1	20
ENSG00000197106.6	0.752261968525049	2.63560633520946e-23	8	20
ENSG00000182512.4	0.752268101490702	2.63225423355205e-23	12	22
ENSG00000173039.18	0.752276632896202	2.62759814092425e-23	17	4
ENSG00000147669.10	0.752280708716323	2.62537656631753e-23	12	21
ENSG00000181215.14	0.752293004822365	2.61868554035193e-23	8	18
ENSG00000166780.10	0.752329519391697	2.59891389577625e-23	4	20
ENSG00000040933.15	0.752425513635473	2.54762878671247e-23	4	7
ENSG00000205562.2	0.752478669838733	2.51965675821714e-23	4	17
ENSG00000104722.13	0.752607296845912	2.45320602520458e-23	8	4
ENSG00000156959.8	0.752621415225509	2.44601739113127e-23	8	7
ENSG00000141384.12	0.752647774512294	2.43265111795864e-23	4	17
ENSG00000032444.15	0.752668665009937	2.42210867705214e-23	2	22
ENSG00000104067.16	0.752687340671676	2.41272176056853e-23	1	14
ENSG00000129159.7	0.752695174491335	2.40879485175769e-23	8	20
ENSG00000107518.16	0.752705294113447	2.4037313671769e-23	4	8
ENSG00000214548.14	0.752757307681936	2.37786935842591e-23	2	6
ENSG00000101349.16	0.75277251261724	2.37036070524907e-23	8	4
ENSG00000187231.13	0.752842038796159	2.33632072089349e-23	3	20
ENSG00000198934.4	0.752978575021561	2.27085700174885e-23	4	20
ENSG00000178764.7	0.75300600511763	2.25792325983747e-23	1	4
ENSG00000070367.15	0.753080815169182	2.22301383563184e-23	9	18
ENSG00000146267.11	0.75310711967943	2.21086484122958e-23	4	17
ENSG00000111110.11	0.753185723942062	2.17494599696777e-23	4	17
ENSG00000105723.11	0.753195672120817	2.17044094620334e-23	8	18
ENSG00000120265.16	0.753225875613087	2.15681903241502e-23	4	12
ENSG00000135926.14	0.753289427440462	2.12842910819923e-23	1	4
ENSG00000204851.6	0.753300195804009	2.12365497027502e-23	8	20
ENSG00000118898.15	0.753303655825064	2.12212319744871e-23	4	8
ENSG00000163235.15	0.753309156596065	2.11969019412042e-23	3	20
ENSG00000097033.14	0.753537397409878	2.02110649335154e-23	18	8
ENSG00000104490.17	0.753556342419757	2.01312798506558e-23	4	8
ENSG00000078328.19	0.753584229723927	2.00143948075236e-23	4	8
ENSG00000213023.10	0.75359938846679	1.99511378996008e-23	7	4
ENSG00000105409.16	0.753707418632598	1.95059544185744e-23	8	11
ENSG00000123570.3	0.753722593177631	1.9444204023635e-23	4	12
ENSG00000104960.15	0.753784262941506	1.9195208383616e-23	2	22
ENSG00000171303.6	0.753898656433569	1.87415607062884e-23	7	20
ENSG00000246922.8	0.753995945589431	1.83640006848212e-23	2	9
ENSG00000184524.5	0.754064058316149	1.81041023823185e-23	8	18
ENSG00000105409.16	0.754075956201752	1.80590737651014e-23	8	18
ENSG00000198929.12	0.754143437119201	1.78057491395157e-23	8	4
ENSG00000167302.10	0.754213198481432	1.75475145973043e-23	6	22
ENSG00000158195.10	0.754337930780285	1.70948860168854e-23	1	20
ENSG00000164076.16	0.754337984947728	1.70946919543938e-23	8	7
ENSG00000144713.12	0.754363842148756	1.70023002478242e-23	11	21
ENSG00000164076.16	0.754407919556337	1.68459285669062e-23	8	20
ENSG00000150764.13	0.75441372265753	1.68254461114288e-23	3	16
ENSG00000057757.9	0.754446650533455	1.67096848188453e-23	4	12
ENSG00000131469.12	0.754572284411606	1.62751127629875e-23	21	11
ENSG00000144712.11	0.754628725073741	1.60834963666154e-23	8	18
ENSG00000116329.10	0.754652103477108	1.60047738158825e-23	8	18
ENSG00000135596.17	0.754670235107456	1.59439781926135e-23	2	6
ENSG00000119013.8	0.754738693021901	1.57164656111606e-23	12	22
ENSG00000177181.14	0.75474438585334	1.56976896105625e-23	4	7
ENSG00000125995.15	0.754750520426416	1.5677481201222e-23	11	21
ENSG00000176769.9	0.75475521686018	1.56620274692631e-23	8	20
ENSG00000005893.15	0.754775113245842	1.55967228646429e-23	20	3
ENSG00000126524.9	0.75481042512174	1.54814755643954e-23	9	8
ENSG00000170759.10	0.754823873853007	1.54378021371591e-23	3	20
ENSG00000128594.7	0.754870844101564	1.52862133259522e-23	4	8
ENSG00000175182.14	0.754877984990481	1.52632950142693e-23	4	18
ENSG00000108469.14	0.754889681346859	1.52258286855326e-23	6	2
ENSG00000081377.16	0.75489389153935	1.52123644039622e-23	1	4
ENSG00000162188.5	0.754900275872704	1.51919693709757e-23	4	18
ENSG00000135002.11	0.754900685560121	1.51906615192485e-23	12	17
ENSG00000155858.5	0.754904863900796	1.5177329216568e-23	4	20
ENSG00000136928.6	0.754920940141777	1.51261394880103e-23	8	20
ENSG00000133985.2	0.754948190543355	1.5039754267596e-23	4	7
ENSG00000175175.5	0.754950911860888	1.50311540683895e-23	4	24
ENSG00000135454.13	0.754963025567584	1.49929293063428e-23	8	4
ENSG00000182022.17	0.754979381593836	1.49414685959671e-23	4	8
ENSG00000132872.11	0.754988462974963	1.49129705506694e-23	4	8
ENSG00000124614.13	0.755011395074261	1.48412441215378e-23	11	21
ENSG00000146386.7	0.75501184000366	1.48398558219305e-23	12	17
ENSG00000145428.14	0.755020492230747	1.48128837567301e-23	4	17
ENSG00000146828.17	0.755031076722069	1.4779953277561e-23	6	12
ENSG00000163995.19	0.755063000973844	1.46810631896609e-23	7	4
ENSG00000183662.10	0.755098496234429	1.4571870393003e-23	4	20
ENSG00000128245.14	0.755103308799782	1.45571269007213e-23	4	8
ENSG00000140983.13	0.75516602526903	1.43663200431187e-23	2	6
ENSG00000117614.9	0.755190110362736	1.4293695575379e-23	11	21
ENSG00000198863.7	0.755232248577481	1.41674969677033e-23	7	20
ENSG00000177182.10	0.755240320274644	1.41434478215147e-23	4	17
ENSG00000075035.9	0.755313425131193	1.39274451623569e-23	8	20
ENSG00000141556.20	0.755321206163823	1.39046452831432e-23	2	9
ENSG00000188352.12	0.755346676613111	1.38302669180559e-23	4	8
ENSG00000132780.16	0.75536622564664	1.37734440195147e-23	6	14
ENSG00000178209.14	0.755399863254868	1.36762036071849e-23	6	12
ENSG00000139174.11	0.755401479321292	1.36715487715329e-23	4	20
ENSG00000084764.10	0.755415779524789	1.36304265964631e-23	8	4
ENSG00000176788.8	0.755496262506886	1.34012314742449e-23	4	8
ENSG00000185774.14	0.755541691202604	1.32735294053724e-23	4	20
ENSG00000163875.15	0.755596653313235	1.31206174574543e-23	12	24
ENSG00000241973.10	0.755632223367706	1.30225757429791e-23	8	18
ENSG00000136153.19	0.755649215327749	1.29759938511028e-23	8	4
ENSG00000021645.18	0.755649601871238	1.29749360741764e-23	4	8
ENSG00000147724.11	0.755697010059737	1.28458403800316e-23	4	8
ENSG00000112659.13	0.755711044798494	1.28078642249204e-23	2	9
ENSG00000069329.16	0.755785013073657	1.26095214577758e-23	4	24
ENSG00000116030.16	0.755793308931373	1.25874645550917e-23	12	17
ENSG00000166501.12	0.75579601623187	1.25802745880615e-23	4	8
ENSG00000278195.1	0.75598125656529	1.20977349631122e-23	8	20
ENSG00000100554.11	0.756005729564644	1.20353527236858e-23	12	4
ENSG00000125166.12	0.756061057523204	1.1895476877338e-23	4	8
ENSG00000183775.10	0.756124960209225	1.17358994435388e-23	4	20
ENSG00000180044.5	0.756217814682899	1.1507745998693e-23	4	17
ENSG00000143155.12	0.756236007472087	1.14635549395544e-23	12	17
ENSG00000236279.6	0.756299386837668	1.13108951355707e-23	8	18
ENSG00000141668.9	0.756520368524556	1.07940044367807e-23	8	20
ENSG00000213023.10	0.756559893161344	1.07040195266404e-23	7	18
ENSG00000187961.13	0.756594132646313	1.06266601320891e-23	2	22
ENSG00000171132.13	0.756601275534792	1.06105907758496e-23	4	8
ENSG00000182957.15	0.756607017365649	1.05976905976859e-23	20	8
ENSG00000157219.3	0.756653642683289	1.04935034408579e-23	4	20
ENSG00000079950.13	0.75671144745295	1.03657241062966e-23	24	9
ENSG00000159082.17	0.756751645673879	1.02777623081828e-23	4	8
ENSG00000126581.12	0.756754725544129	1.02710530980023e-23	24	9
ENSG00000008294.20	0.756791397196787	1.01914954601053e-23	1	20
ENSG00000163798.13	0.756810264152706	1.01507993151219e-23	24	12
ENSG00000073921.17	0.756817805792897	1.01345764138129e-23	14	19
ENSG00000145990.10	0.756819248197772	1.01314765292426e-23	4	8
ENSG00000011677.12	0.756873258010566	1.00160681474773e-23	4	20
ENSG00000160753.15	0.756913286756633	9.93136446866889e-24	8	18
ENSG00000116044.15	0.757053328696227	9.64049841660057e-24	1	18
ENSG00000100038.19	0.757084446496578	9.57700648175021e-24	6	22
ENSG00000110148.9	0.757104108277109	9.53709997267901e-24	7	20
ENSG00000141380.13	0.757338041304854	9.07458947443104e-24	1	18
ENSG00000105355.8	0.757370993409754	9.0112268259482e-24	1	20
ENSG00000198720.12	0.757388822233966	8.97712475953079e-24	2	9
ENSG00000115419.12	0.757408839707149	8.93898664273719e-24	4	8
ENSG00000123360.11	0.757517533194421	8.73464724498728e-24	8	18
ENSG00000155366.16	0.757540181927328	8.69264687794123e-24	1	8
ENSG00000114993.16	0.757544426962262	8.68479677341973e-24	3	20
ENSG00000196872.11	0.757544945215722	8.68383887108723e-24	4	20
ENSG00000198910.12	0.757562757308616	8.65097896713329e-24	8	18
ENSG00000166159.10	0.757586512730868	8.60734379738707e-24	8	18
ENSG00000055211.12	0.757599767882336	8.58308962953222e-24	1	20
ENSG00000108395.13	0.757622452220614	8.54173688243295e-24	4	20
ENSG00000176155.18	0.757674721536337	8.44719156827182e-24	2	9
ENSG00000166922.8	0.757703646464996	8.39531220817898e-24	4	8
ENSG00000196576.14	0.757716853135763	8.3717285696844e-24	17	24
ENSG00000084093.16	0.757732253064288	8.34431010829451e-24	18	8
ENSG00000127603.23	0.75774162135792	8.32767348965364e-24	17	12
ENSG00000148218.15	0.757753973004409	8.3057884406253e-24	3	20
ENSG00000124782.19	0.75776555020546	8.28532661582633e-24	1	17
ENSG00000169599.12	0.757810317915157	8.20666563027384e-24	12	6
ENSG00000253368.3	0.757840619073171	8.15383837890984e-24	7	17
ENSG00000154277.12	0.757841533103359	8.15225002682373e-24	4	20
ENSG00000273611.4	0.757932732947772	7.9952788824156e-24	12	22
ENSG00000196876.15	0.758052563703427	7.79351245872427e-24	8	20
ENSG00000198668.10	0.758056053578587	7.78771154291535e-24	4	20
ENSG00000169733.11	0.758078946751495	7.74976270913281e-24	6	9
ENSG00000187446.11	0.758161767566249	7.61397847819737e-24	24	12
ENSG00000119946.10	0.758219225992321	7.52114468766509e-24	8	18
ENSG00000165238.16	0.758299729544205	7.39293585298796e-24	8	18
ENSG00000112232.8	0.758312877942044	7.37219981644325e-24	12	17
ENSG00000129933.20	0.758326932076368	7.35009821265977e-24	6	14
ENSG00000114270.17	0.758405206930487	7.22818237592747e-24	6	2
ENSG00000100554.11	0.758416855787517	7.21020864214793e-24	12	24
ENSG00000149582.15	0.758446618269061	7.16448442219817e-24	8	18
ENSG00000167978.16	0.758464104966475	7.13775182974705e-24	6	22
ENSG00000077264.14	0.758607577253971	6.9220701422594e-24	12	17
ENSG00000160460.15	0.758670448572168	6.82957525842547e-24	8	18
ENSG00000020129.15	0.75869465195767	6.79429072658009e-24	8	18
ENSG00000009844.15	0.758696204873092	6.79203292502814e-24	24	9
ENSG00000079308.16	0.758706639028635	6.77688159050108e-24	14	17
ENSG00000213424.8	0.758772205499419	6.6824263138532e-24	4	24
ENSG00000102271.13	0.7588192917964	6.61538866139589e-24	3	16
ENSG00000118733.16	0.758836244333246	6.59141429522161e-24	4	20
ENSG00000082458.11	0.759075971267681	6.2613459501516e-24	4	8
ENSG00000134248.13	0.759090498071943	6.24187235769831e-24	22	21
ENSG00000176383.8	0.759121584972457	6.20039814480007e-24	8	18
ENSG00000182674.5	0.759171533628545	6.1343231285903e-24	4	20
ENSG00000070961.15	0.759215819508263	6.07631508799277e-24	4	8
ENSG00000122574.10	0.759363268875814	5.88701570929712e-24	4	20
ENSG00000112186.11	0.759395891839746	5.84591881571316e-24	4	8
ENSG00000172239.13	0.759567923251528	5.63379642078609e-24	9	2
ENSG00000100258.17	0.759632383097589	5.55626779754564e-24	2	9
ENSG00000058091.16	0.759636491732031	5.55136167301051e-24	4	17
ENSG00000185352.8	0.759723020198352	5.44901595524051e-24	4	7
ENSG00000145990.10	0.759744229378674	5.42421255326739e-24	4	20
ENSG00000196872.11	0.759803556229429	5.35541641638252e-24	4	8
ENSG00000165209.18	0.759821077591307	5.33526206659053e-24	8	2
ENSG00000100321.14	0.759824944569807	5.33082398140506e-24	8	4
ENSG00000172782.11	0.759937069088995	5.20369752310383e-24	4	8
ENSG00000163032.11	0.760040148186007	5.08944383795131e-24	4	20
ENSG00000091317.7	0.760060504642348	5.06717227106343e-24	18	4
ENSG00000160539.4	0.7602871212817	4.8255791815133e-24	8	18
ENSG00000150787.7	0.760317200077725	4.79437119178579e-24	12	21
ENSG00000100321.14	0.760374891276302	4.73506524069303e-24	8	20
ENSG00000168539.3	0.760385715860873	4.72401784680619e-24	8	18
ENSG00000160789.19	0.760403280504517	4.70614524034932e-24	13	4
ENSG00000138326.18	0.760427188604202	4.6819241195454e-24	11	21
ENSG00000078328.19	0.76047218824712	4.63666534666323e-24	4	20
ENSG00000139323.13	0.760490498821757	4.61837197810252e-24	3	18
ENSG00000060140.8	0.76051371785335	4.59527617986493e-24	4	17
ENSG00000140798.15	0.760589360479743	4.52081521320159e-24	8	18
ENSG00000143473.12	0.760590995089582	4.5192192265735e-24	8	18
ENSG00000188342.11	0.760595887925884	4.51444529060015e-24	21	2
ENSG00000178498.15	0.760696605195389	4.41726337928491e-24	8	2
ENSG00000205981.6	0.760702958267347	4.41120234590096e-24	12	21
ENSG00000114554.11	0.760731880862524	4.3837118460117e-24	8	2
ENSG00000054356.13	0.760777274862849	4.34090282272898e-24	8	18
ENSG00000188010.12	0.760787159027574	4.33163582954919e-24	22	21
ENSG00000117298.14	0.760790706820392	4.32831428047889e-24	17	4
ENSG00000180035.12	0.761004433311842	4.13274369849016e-24	7	20
ENSG00000138430.15	0.76102077727808	4.11814882889677e-24	12	24
ENSG00000144579.7	0.761032963671674	4.10729939376107e-24	1	4
ENSG00000164574.15	0.761078499524841	4.06700591432799e-24	18	8
ENSG00000117016.9	0.761081876305296	4.06403332572342e-24	7	20
ENSG00000101972.18	0.761136244204304	4.01646443989008e-24	20	18
ENSG00000205560.12	0.761158098863772	3.99749655863408e-24	6	22
ENSG00000132024.17	0.761167920142712	3.98900111046111e-24	2	6
ENSG00000147065.16	0.761327864368242	3.85310703949436e-24	1	4
ENSG00000114573.9	0.761343183061237	3.84033174793238e-24	4	24
ENSG00000119950.20	0.761421178413943	3.77592546038214e-24	1	18
ENSG00000197712.11	0.761483030684446	3.7256013729721e-24	20	8
ENSG00000253457.2	0.761487272793968	3.72217404336698e-24	12	17
ENSG00000122566.20	0.761505530608229	3.7074581397747e-24	14	19
ENSG00000156687.10	0.761605401082792	3.62796268317442e-24	4	20
ENSG00000161021.11	0.761635594810625	3.60425863431638e-24	6	12
ENSG00000127054.20	0.761652052438731	3.59140213332739e-24	6	22
ENSG00000158445.9	0.761654470542424	3.58951692057761e-24	8	18
ENSG00000064393.15	0.761684245377949	3.56638286249765e-24	3	20
ENSG00000144451.18	0.761742982682088	3.52117243925727e-24	3	11
ENSG00000071553.16	0.761754336171019	3.51249843123709e-24	8	4
ENSG00000135750.14	0.761784865428756	3.489277686151e-24	4	17
ENSG00000168546.10	0.761799528607782	3.47817818593581e-24	8	4
ENSG00000135924.15	0.761847005529343	3.44247610779003e-24	6	22
ENSG00000238227.7	0.761851850125464	3.43885323339317e-24	7	19
ENSG00000147724.11	0.761858304310333	3.43403246919261e-24	4	20
ENSG00000131398.13	0.761963672120751	3.35625890517843e-24	8	11
ENSG00000081189.15	0.761975380153749	3.34772405249812e-24	4	8
ENSG00000197070.13	0.762035814997208	3.30400486979684e-24	2	9
ENSG00000159363.17	0.762118074423056	3.24539321527789e-24	8	18
ENSG00000152503.9	0.762134582543306	3.23375386205707e-24	4	17
ENSG00000149575.5	0.762158816582275	3.2167410874695e-24	4	20
ENSG00000255693.1	0.762208940822779	3.18183001924228e-24	4	8
ENSG00000169018.5	0.762329437242237	3.09941363324989e-24	4	24
ENSG00000106367.13	0.762334311557223	3.09612401837237e-24	12	17
ENSG00000233508.2	0.762379228568507	3.06597026475665e-24	4	8
ENSG00000100325.14	0.762497362669551	2.9880279462521e-24	17	4
ENSG00000109475.16	0.762517923108777	2.97466193766639e-24	11	21
ENSG00000106089.11	0.762525611883127	2.96967861830172e-24	8	18
ENSG00000124702.17	0.762565010338736	2.94427108673914e-24	8	18
ENSG00000046653.14	0.762612120513172	2.91416920585471e-24	1	18
ENSG00000136938.8	0.762725769902113	2.84278370159834e-24	3	20
ENSG00000041353.9	0.762778965568404	2.80996045597284e-24	12	4
ENSG00000117360.12	0.762787067616205	2.80499387796718e-24	6	14
ENSG00000091317.7	0.762812646716618	2.78937005874051e-24	18	8
ENSG00000106144.19	0.762906897461222	2.73253207851977e-24	6	22
ENSG00000104067.16	0.762938224328707	2.71389226693415e-24	1	17
ENSG00000143612.19	0.762963925063956	2.69869292047453e-24	9	2
ENSG00000111674.8	0.763017655920394	2.66718496018171e-24	8	11
ENSG00000185386.14	0.763025319755196	2.66272026377566e-24	2	9
ENSG00000162931.11	0.763097817205284	2.62084544533994e-24	8	18
ENSG00000011304.19	0.763147724179239	2.59239377597295e-24	14	17
ENSG00000003756.16	0.763150257166311	2.59095781403675e-24	6	14
ENSG00000164076.16	0.763164725346411	2.58277062781703e-24	8	4
ENSG00000167642.12	0.763218754025559	2.55242006927594e-24	4	18
ENSG00000077348.8	0.763225402690495	2.54870936377562e-24	12	14
ENSG00000135766.8	0.763278255134395	2.51939870493128e-24	9	2
ENSG00000115514.11	0.763358985088065	2.47526280473093e-24	24	6
ENSG00000125675.17	0.763361241833119	2.47403994141865e-24	8	4
ENSG00000101210.10	0.76336414208281	2.47246924908665e-24	7	8
ENSG00000204843.12	0.76340110867459	2.45253438732781e-24	2	9
ENSG00000118181.10	0.763425144928592	2.43965680946498e-24	11	21
ENSG00000175931.12	0.76352695353752	2.38584117618402e-24	8	11
ENSG00000151948.11	0.76352848237197	2.38504194985379e-24	4	20
ENSG00000120690.15	0.763614558508563	2.34046374027757e-24	13	18
ENSG00000151025.9	0.763648443387401	2.32313932612577e-24	4	8
ENSG00000075826.16	0.763708577007598	2.29270274684291e-24	2	6
ENSG00000111674.8	0.763731583087072	2.281161626458e-24	8	18
ENSG00000136854.19	0.76376746055553	2.26327675129987e-24	8	18
ENSG00000138430.15	0.763796378665239	2.24896093704675e-24	12	4
ENSG00000188153.12	0.763865243118385	2.21522524123242e-24	3	20
ENSG00000169567.11	0.763902213554581	2.19731855166829e-24	12	17
ENSG00000104671.7	0.763954433959651	2.17226637548878e-24	22	2
ENSG00000072071.16	0.763955957420488	2.17153971894064e-24	8	11
ENSG00000154277.12	0.763969811562045	2.16494250100277e-24	4	18
ENSG00000182957.15	0.764006235761769	2.14769094825589e-24	20	4
ENSG00000111726.12	0.764026547460024	2.13812917814957e-24	4	17
ENSG00000124574.14	0.764031328491568	2.13588455591104e-24	2	6
ENSG00000147416.10	0.764052701470654	2.12587839669201e-24	4	20
ENSG00000088538.12	0.764075910599595	2.11506450424825e-24	8	18
ENSG00000139182.13	0.764081692018985	2.1123791283406e-24	8	11
ENSG00000221995.5	0.764097519555599	2.10504453283835e-24	6	22
ENSG00000104859.14	0.764120387659375	2.09449123672526e-24	6	12
ENSG00000215788.9	0.764120794341218	2.09430402781811e-24	2	9
ENSG00000278845.4	0.764171260027865	2.07119953344368e-24	24	12
ENSG00000170500.12	0.764229746057015	2.04473472069949e-24	4	20
ENSG00000197381.15	0.764248071618283	2.03651066279763e-24	4	7
ENSG00000121851.12	0.764269774204176	2.02681289406578e-24	21	22
ENSG00000125817.7	0.764311175469142	2.00843783718366e-24	3	20
ENSG00000241343.9	0.76444637864427	1.94955787456698e-24	11	21
ENSG00000233508.2	0.764483022109713	1.93389274327591e-24	4	20
ENSG00000127054.20	0.764576361163951	1.8945439510097e-24	6	2
ENSG00000157782.9	0.76459019911256	1.88877732628055e-24	8	18
ENSG00000118160.13	0.764595904954869	1.88640455597728e-24	8	18
ENSG00000188343.12	0.764680274082351	1.85165793224865e-24	4	17
ENSG00000166006.12	0.764706368442671	1.84103846081902e-24	4	20
ENSG00000012171.19	0.764724572190469	1.83366546335094e-24	3	20
ENSG00000156711.16	0.76472542384648	1.8333212279293e-24	4	8
ENSG00000196814.14	0.76483266321392	1.79047660680179e-24	3	20
ENSG00000172331.11	0.764840064109379	1.78755615387656e-24	22	6
ENSG00000125249.6	0.764929487654467	1.75263484951926e-24	24	16
ENSG00000167550.10	0.764947104197357	1.74583437198214e-24	4	20
ENSG00000196090.12	0.764951487913614	1.74414614704871e-24	4	20
ENSG00000183049.12	0.765021484553155	1.71740473825564e-24	7	4
ENSG00000107758.15	0.765049549232047	1.70679588309063e-24	4	20
ENSG00000174695.9	0.765051304651651	1.70613444208712e-24	9	2
ENSG00000157445.14	0.765084575544292	1.69364526673156e-24	4	20
ENSG00000110675.12	0.765139153018645	1.67335134463003e-24	4	8
ENSG00000033627.16	0.765155784069848	1.66721469770964e-24	8	9
ENSG00000161980.5	0.765161566191498	1.66508632634685e-24	12	17
ENSG00000196975.15	0.765221986757042	1.64300408915275e-24	3	20
ENSG00000170113.15	0.765262903030791	1.62821303674084e-24	3	16
ENSG00000128594.7	0.765310650147162	1.61111719413463e-24	4	20
ENSG00000241973.10	0.765343985856552	1.59928550259297e-24	8	11
ENSG00000278845.4	0.76534642845284	1.59842191066e-24	24	6
ENSG00000160781.15	0.765376549964351	1.58780970190491e-24	3	20
ENSG00000151090.17	0.765434168727342	1.56770138709678e-24	4	20
ENSG00000196581.10	0.765477093579432	1.55288310523165e-24	4	8
ENSG00000182400.14	0.765483469337103	1.55069381273463e-24	12	4
ENSG00000109736.14	0.765671453629594	1.48748302239838e-24	6	9
ENSG00000117362.12	0.76568079774918	1.4844076104053e-24	1	4
ENSG00000146122.16	0.765693099775638	1.4803681453583e-24	3	20
ENSG00000165704.14	0.765850862219119	1.42950851093945e-24	4	17
ENSG00000088899.14	0.765948202672173	1.39898416594678e-24	7	20
ENSG00000129159.7	0.76595959933663	1.39545230137589e-24	8	18
ENSG00000100320.22	0.766001210766816	1.38263063947579e-24	4	20
ENSG00000169021.5	0.766023781021838	1.37572435231819e-24	24	12
ENSG00000175931.12	0.766037922367823	1.371414428585e-24	8	4
ENSG00000171450.5	0.766069378863684	1.36187456834431e-24	8	18
ENSG00000048991.16	0.766083116027251	1.35772885713598e-24	4	20
ENSG00000161203.13	0.766159182586857	1.33499520912979e-24	8	4
ENSG00000186462.8	0.766206215278513	1.32112539612908e-24	4	8
ENSG00000168385.17	0.766232281523658	1.31349930477005e-24	1	18
ENSG00000104866.10	0.766237616819127	1.31194369392137e-24	7	8
ENSG00000127220.5	0.766302630362835	1.29313179466293e-24	7	19
ENSG00000130558.19	0.766342086237604	1.28184394816088e-24	8	18
ENSG00000161091.12	0.766418148896706	1.26035452933219e-24	2	22
ENSG00000008988.9	0.766561647905514	1.22076759280981e-24	21	11
ENSG00000167281.18	0.766574911273814	1.21717061608379e-24	8	18
ENSG00000175175.5	0.766813231905715	1.15427690072799e-24	4	12
ENSG00000164111.14	0.766827663416924	1.15057212696991e-24	18	8
ENSG00000130787.13	0.766828974268134	1.15023618932968e-24	14	17
ENSG00000132639.12	0.766891406248625	1.13434702650597e-24	4	20
ENSG00000110786.17	0.766955726097909	1.11820183760598e-24	8	4
ENSG00000180044.5	0.767001247429941	1.10691132237321e-24	4	8
ENSG00000197694.15	0.767093597249259	1.0843474149062e-24	8	9
ENSG00000135070.14	0.767164394116799	1.06735464900175e-24	24	12
ENSG00000184185.9	0.767213238184003	1.05578307533042e-24	8	4
ENSG00000169504.14	0.767311905434356	1.03278083847326e-24	20	18
ENSG00000156642.16	0.767388674428443	1.01522331217944e-24	4	8
ENSG00000055211.12	0.76742038903046	1.00805547295281e-24	1	18
ENSG00000074317.10	0.767421416345138	1.00782411804594e-24	8	18
ENSG00000163995.19	0.767446445485027	1.00220347832687e-24	7	20
ENSG00000114353.16	0.76747163168371	9.96578506146083e-25	1	20
ENSG00000143155.12	0.767597077557243	9.69018487024862e-25	12	24
ENSG00000188573.7	0.767598567073209	9.68695764022551e-25	8	7
ENSG00000004660.14	0.767607730910101	9.66712610113451e-25	8	18
ENSG00000142408.4	0.767616573056523	9.64802836362374e-25	8	7
ENSG00000034053.14	0.767619218513874	9.64232173620162e-25	8	4
ENSG00000108797.11	0.767712319424229	9.44357793499828e-25	8	7
ENSG00000164061.4	0.767717819237666	9.43196352313578e-25	8	18
ENSG00000156858.11	0.767752590314687	9.35885712586322e-25	6	24
ENSG00000110786.17	0.767788011083619	9.28495440733331e-25	8	18
ENSG00000007392.16	0.7678293500422	9.19942513472186e-25	6	2
ENSG00000136267.13	0.767891270453019	9.07275245684465e-25	12	4
ENSG00000171132.13	0.767921806471956	9.01091330347293e-25	4	20
ENSG00000187672.12	0.767933215229575	8.9879150781919e-25	4	17
ENSG00000090263.15	0.7679553386011	8.94348132611828e-25	12	6
ENSG00000119771.14	0.768004523561289	8.84546370388285e-25	4	7
ENSG00000174938.14	0.768011234979849	8.83217063507396e-25	8	4
ENSG00000132932.16	0.768078140722548	8.70071607117597e-25	4	20
ENSG00000196923.13	0.768102677963034	8.65298696539258e-25	2	9
ENSG00000076108.11	0.768117775424151	8.62374713753559e-25	15	14
ENSG00000277586.2	0.768130493352724	8.59919081877862e-25	4	8
ENSG00000213064.9	0.768158850447644	8.54468361448464e-25	18	4
ENSG00000112218.8	0.768283157106593	8.30970402953485e-25	4	8
ENSG00000077080.9	0.768364247865069	8.1598337893141e-25	8	20
ENSG00000139970.16	0.768391305808159	8.11041636383611e-25	4	20
ENSG00000266714.6	0.768462969754104	7.98094191419963e-25	14	6
ENSG00000105223.19	0.768464209961203	7.97871912974983e-25	8	18
ENSG00000054277.13	0.768483287026718	7.94460406197954e-25	4	8
ENSG00000147465.11	0.768668055517683	7.62148038825509e-25	4	20
ENSG00000077235.17	0.768684341773669	7.59362310292449e-25	2	9
ENSG00000109113.18	0.76904036717265	7.00893130791696e-25	1	16
ENSG00000104490.17	0.769063885057618	6.97189788062506e-25	4	20
ENSG00000165152.8	0.769155824499244	6.82894862319076e-25	4	20
ENSG00000143434.15	0.769162139726517	6.81923545371086e-25	2	9
ENSG00000116141.15	0.76917886649401	6.79357397783635e-25	4	8
ENSG00000071054.16	0.769206186246432	6.75186409879512e-25	3	20
ENSG00000151025.9	0.769210137969975	6.74585164899988e-25	4	17
ENSG00000182870.12	0.769303946434129	6.60465155965685e-25	8	18
ENSG00000088038.17	0.769313038802043	6.5911203811519e-25	2	22
ENSG00000006116.3	0.769314078002572	6.58957557941737e-25	8	4
ENSG00000135423.12	0.769321981713081	6.57783806296872e-25	8	4
ENSG00000076555.15	0.769356110417509	6.52738901390476e-25	1	17
ENSG00000175768.12	0.769537005363169	6.26624153794676e-25	12	21
ENSG00000175854.11	0.76963077771559	6.13491660246303e-25	21	11
ENSG00000115128.6	0.769642955064037	6.1180613051125e-25	21	11
ENSG00000064607.16	0.769655482444849	6.10076875828124e-25	2	9
ENSG00000107518.16	0.769661781620214	6.09209156690955e-25	4	20
ENSG00000074590.13	0.769674219224141	6.07499403357708e-25	4	1
ENSG00000170271.10	0.76974175132558	5.98297577242453e-25	1	20
ENSG00000169727.12	0.769798415490466	5.90681859110256e-25	2	9
ENSG00000120690.15	0.769875027075703	5.80535713888362e-25	13	4
ENSG00000132639.12	0.769875208893605	5.80511838488094e-25	4	8
ENSG00000151914.19	0.769930369011777	5.73312643501608e-25	14	12
ENSG00000198908.11	0.769972426383366	5.67882268602531e-25	4	24
ENSG00000174915.11	0.770049779213346	5.58025604684998e-25	6	22
ENSG00000174684.6	0.770067078881562	5.55844194401873e-25	4	20
ENSG00000160963.13	0.770083183783289	5.53820933647376e-25	8	18
ENSG00000110786.17	0.7701378914399	5.47001633191644e-25	8	20
ENSG00000169231.13	0.770174470426741	5.42487937393128e-25	2	9
ENSG00000187730.8	0.770240359528756	5.34449192393818e-25	8	18
ENSG00000152413.14	0.770278656211821	5.29830480861659e-25	4	8
ENSG00000132879.13	0.770352301083706	5.21058079051603e-25	8	20
ENSG00000113327.15	0.770355535075071	5.20676126401634e-25	4	8
ENSG00000158301.18	0.770431317571522	5.11803743408388e-25	4	20
ENSG00000204371.11	0.77044748441952	5.09930198705082e-25	2	9
ENSG00000233932.4	0.770460439466458	5.08433704610118e-25	12	17
ENSG00000169599.12	0.770532413208378	5.00197570388333e-25	12	22
ENSG00000106052.13	0.770594948732866	4.93147493298074e-25	24	9
ENSG00000160326.13	0.770655307738238	4.86434975464534e-25	8	18
ENSG00000068971.13	0.770664784573379	4.85389204148626e-25	8	4
ENSG00000133895.14	0.770709270074503	4.80509522091238e-25	8	9
ENSG00000182158.14	0.770713360886788	4.80063210389803e-25	20	8
ENSG00000282033.1	0.770714003277056	4.79993161801805e-25	12	17
ENSG00000198934.4	0.770720533365994	4.79281663870197e-25	4	8
ENSG00000175874.9	0.770731725065073	4.78064648940529e-25	4	20
ENSG00000173611.17	0.770755911759036	4.75444835605367e-25	4	20
ENSG00000197381.15	0.770856930338365	4.64653800657834e-25	4	8
ENSG00000169733.11	0.770951093589101	4.54810926293918e-25	6	2
ENSG00000112531.16	0.771065448517382	4.4313127025242e-25	1	8
ENSG00000161955.16	0.771145553749395	4.35124908270302e-25	1	16
ENSG00000158106.13	0.771242072856239	4.25665742438139e-25	2	9
ENSG00000107758.15	0.771253079611458	4.2459990364214e-25	4	17
ENSG00000189241.6	0.771260930565412	4.23841251641274e-25	8	4
ENSG00000109436.7	0.771280844302311	4.21922890295419e-25	4	17
ENSG00000161395.13	0.771395182225572	4.11071516068708e-25	2	9
ENSG00000151376.16	0.771399523305031	4.10664943713563e-25	4	20
ENSG00000135929.8	0.771528466726656	3.98766170418995e-25	1	4
ENSG00000137876.9	0.771605347357972	3.91832819356848e-25	12	6
ENSG00000008056.13	0.771635120934547	3.89179522231553e-25	8	4
ENSG00000148180.19	0.771693112495206	3.84061891495612e-25	1	20
ENSG00000237441.9	0.771772148265167	3.77192972058027e-25	14	17
ENSG00000103978.15	0.771801067213537	3.74709792832191e-25	18	20
ENSG00000176978.13	0.771949464025424	3.6221675077011e-25	6	2
ENSG00000007264.14	0.772008848046825	3.57332323858938e-25	7	19
ENSG00000182158.14	0.772073316388237	3.52102607397998e-25	20	4
ENSG00000183454.16	0.772080661495021	3.51511537583954e-25	4	20
ENSG00000108773.10	0.77211781604714	3.48536499096916e-25	6	22
ENSG00000008300.16	0.772205612863614	3.41603918757885e-25	8	18
ENSG00000172336.4	0.772207672056115	3.41442950608305e-25	12	14
ENSG00000093144.18	0.772291358344317	3.34963532646478e-25	9	2
ENSG00000130540.13	0.772503548008087	3.19068842087969e-25	4	18
ENSG00000139998.14	0.772552294825708	3.15522842773007e-25	8	20
ENSG00000148925.10	0.772600114108668	3.1208176785123e-25	4	20
ENSG00000155959.10	0.77268769142915	3.0587459422392e-25	24	22
ENSG00000196937.10	0.772753312556163	3.0130287413755e-25	4	24
ENSG00000198910.12	0.772859289078748	2.94060371651657e-25	8	20
ENSG00000186487.17	0.773053713177632	2.81213323409269e-25	4	20
ENSG00000115282.19	0.773058397366059	2.80910675359266e-25	6	14
ENSG00000154723.12	0.773069103673477	2.80220130194969e-25	12	22
ENSG00000196405.12	0.773158784202241	2.74500645464769e-25	8	2
ENSG00000158195.10	0.773210857856307	2.71232136544922e-25	1	17
ENSG00000214655.10	0.773258415882247	2.68280328165181e-25	6	22
ENSG00000085733.15	0.773378409931005	2.60971505699602e-25	6	14
ENSG00000102468.10	0.77349444084661	2.5408940302544e-25	8	4
ENSG00000197885.10	0.773540831468867	2.51387794041282e-25	12	24
ENSG00000075711.20	0.773594242001683	2.48312148183193e-25	3	16
ENSG00000108352.11	0.773602671881892	2.47830087518732e-25	8	2
ENSG00000114383.9	0.77363087296121	2.4622405759362e-25	12	14
ENSG00000267909.2	0.773689116709114	2.42939268305095e-25	7	4
ENSG00000183780.12	0.773820999244446	2.35659008771656e-25	4	8
ENSG00000130396.20	0.773836108573739	2.3483868098522e-25	17	14
ENSG00000131398.13	0.773885567118973	2.3217292007181e-25	8	18
ENSG00000105220.14	0.773936890700389	2.29437923742283e-25	8	11
ENSG00000155256.17	0.773983168030687	2.26998865730711e-25	8	2
ENSG00000022277.12	0.774017437757726	2.2520902923901e-25	18	8
ENSG00000161203.13	0.774163782606473	2.17719791470204e-25	8	11
ENSG00000128739.21	0.7741766713212	2.17071999886535e-25	4	8
ENSG00000186377.7	0.774203936465039	2.15707848032412e-25	4	8
ENSG00000144834.13	0.77424918743964	2.13462294228115e-25	8	4
ENSG00000250510.7	0.774319848972884	2.1000139855055e-25	8	2
ENSG00000140280.13	0.774360757908422	2.08022882734992e-25	4	17
ENSG00000197562.9	0.774460490722673	2.03275487517949e-25	8	18
ENSG00000132694.18	0.774481298949163	2.0229843470316e-25	7	11
ENSG00000010438.16	0.774543956325978	1.99384001173153e-25	8	18
ENSG00000172824.14	0.774756498775026	1.89800446660288e-25	2	6
ENSG00000122729.18	0.774808607149821	1.8752051772776e-25	1	16
ENSG00000166224.16	0.774929001954088	1.82354745772241e-25	1	17
ENSG00000102901.12	0.774945928292593	1.81639737919877e-25	2	6
ENSG00000068615.17	0.775045899709061	1.77472289530039e-25	4	17
ENSG00000100216.5	0.775064998539501	1.76686834641134e-25	24	12
ENSG00000260328.1	0.775067509262048	1.76583832287409e-25	7	14
ENSG00000147655.10	0.775162012289612	1.72749258310039e-25	4	8
ENSG00000111832.12	0.775196079811955	1.71386994231006e-25	9	2
ENSG00000213339.8	0.775230579122833	1.70018171161314e-25	2	9
ENSG00000213190.3	0.775292491335774	1.675884493357e-25	4	17
ENSG00000020129.15	0.775472273422173	1.6072382246031e-25	8	20
ENSG00000160753.15	0.775484146726862	1.60280272341972e-25	8	4
ENSG00000150760.12	0.775623196663704	1.55174060542444e-25	20	4
ENSG00000111674.8	0.775650230935578	1.54199941205561e-25	8	4
ENSG00000109458.8	0.775659501261352	1.53867284698772e-25	3	20
ENSG00000119537.15	0.775681389750321	1.53084620063918e-25	20	18
ENSG00000142875.19	0.775748143513775	1.50721676053534e-25	4	16
ENSG00000147676.13	0.775769220303841	1.49983037921898e-25	4	17
ENSG00000119801.12	0.775790506917101	1.49240639718874e-25	12	4
ENSG00000149499.11	0.775809314687486	1.48587685480496e-25	17	4
ENSG00000188342.11	0.77582836905574	1.47929019111285e-25	21	22
ENSG00000163462.17	0.775885173119033	1.45982329253058e-25	8	18
ENSG00000176454.13	0.775898784574276	1.45519594870027e-25	8	18
ENSG00000120053.10	0.775928736596282	1.44506392503413e-25	4	20
ENSG00000160753.15	0.775932035900371	1.44395207967681e-25	8	20
ENSG00000108055.9	0.775971426732769	1.43074205461606e-25	18	8
ENSG00000176105.13	0.776114594461639	1.38371757226503e-25	1	8
ENSG00000110514.19	0.776122861463255	1.3810488696462e-25	8	11
ENSG00000181754.6	0.776137066407796	1.37647506671623e-25	8	20
ENSG00000224531.5	0.776186963589738	1.36052594124557e-25	4	17
ENSG00000061794.12	0.776211087081288	1.35288006031487e-25	24	12
ENSG00000143502.14	0.776248879263419	1.3409863241967e-25	4	20
ENSG00000165061.14	0.776277817711809	1.33194816944245e-25	4	8
ENSG00000107164.15	0.776331632423256	1.31529870213945e-25	1	18
ENSG00000173611.17	0.776337135107624	1.31360776770886e-25	4	8
ENSG00000119042.16	0.77641835270777	1.28889605882267e-25	8	4
ENSG00000103174.11	0.776606676490998	1.23333176816758e-25	8	2
ENSG00000152822.13	0.776733323113874	1.19728975593659e-25	4	8
ENSG00000152822.13	0.776777537257825	1.18495118978055e-25	4	20
ENSG00000173653.7	0.776779599996801	1.18437860025081e-25	2	9
ENSG00000164300.16	0.776870993472205	1.1592787425353e-25	18	20
ENSG00000185608.8	0.776874510822708	1.15832322292716e-25	22	21
ENSG00000177192.13	0.776930412617826	1.14323999438666e-25	2	9
ENSG00000152932.7	0.776951929311034	1.13748577388465e-25	4	20
ENSG00000153443.12	0.777034172229869	1.1157513892845e-25	7	19
ENSG00000106789.12	0.777118163595606	1.09397423486262e-25	4	8
ENSG00000136267.13	0.777175731720896	1.07928872381063e-25	12	17
ENSG00000176438.12	0.777182897859233	1.07747420456309e-25	3	20
ENSG00000148408.12	0.777238930793768	1.06338874203561e-25	8	20
ENSG00000152932.7	0.777317167911227	1.04402246918035e-25	4	17
ENSG00000122966.15	0.777339365992437	1.03859081394026e-25	8	11
ENSG00000134504.12	0.777357116700901	1.03426728186391e-25	4	8
ENSG00000156860.15	0.777441923839208	1.0138525893592e-25	6	12
ENSG00000106028.10	0.777457683502532	1.01010260081413e-25	12	22
ENSG00000143337.18	0.777484912400772	1.00365546424602e-25	1	18
ENSG00000169783.12	0.77751190060664	9.97305034902252e-26	8	18
ENSG00000126107.14	0.777530485344268	9.92954838687268e-26	2	9
ENSG00000129675.15	0.777552246491093	9.87884711365456e-26	1	18
ENSG00000140497.16	0.777584651391682	9.80381586645065e-26	1	4
ENSG00000097007.17	0.777771075839701	9.38286709420522e-26	17	4
ENSG00000147533.16	0.777889503063347	9.12469328621607e-26	3	20
ENSG00000023171.16	0.777947670024572	9.00044523640917e-26	8	11
ENSG00000163491.16	0.778141651285249	8.59793244079329e-26	4	20
ENSG00000164258.11	0.778151516941468	8.57793854126736e-26	12	6
ENSG00000167550.10	0.778319566697474	8.24426817377549e-26	4	8
ENSG00000119771.14	0.778346957399793	8.19109954798484e-26	4	8
ENSG00000102218.5	0.778373463476185	8.13996742794761e-26	18	8
ENSG00000072163.19	0.778381262731811	8.12498163626819e-26	14	15
ENSG00000072864.14	0.77840199595435	8.08527509969776e-26	3	20
ENSG00000107864.14	0.778483335469726	7.93132499121028e-26	4	20
ENSG00000143153.12	0.778541492670184	7.82301317001576e-26	4	8
ENSG00000124209.3	0.778568542934612	7.77312902423741e-26	24	12
ENSG00000137727.12	0.778590211686081	7.73339361138774e-26	4	24
ENSG00000084764.10	0.77859299953005	7.72829580419452e-26	8	20
ENSG00000213023.10	0.778632611984788	7.65621523445067e-26	7	8
ENSG00000122873.11	0.77873471702045	7.4734383980047e-26	12	17
ENSG00000105355.8	0.778770846957892	7.40979048726374e-26	1	8
ENSG00000178965.13	0.778771985470697	7.40779347888175e-26	4	20
ENSG00000111249.13	0.778878082003574	7.22398676000582e-26	7	20
ENSG00000053108.16	0.778994592266935	7.02727620142937e-26	8	18
ENSG00000102003.10	0.779053676155359	6.92953344861726e-26	8	20
ENSG00000186732.13	0.779098867661044	6.85567156619537e-26	7	8
ENSG00000189410.11	0.779168586435157	6.74322964292989e-26	7	20
ENSG00000057663.14	0.77926328811592	6.59338001256613e-26	12	24
ENSG00000164588.6	0.779298421543966	6.53861959137628e-26	4	20
ENSG00000104859.14	0.779395835285597	6.3891024517095e-26	6	22
ENSG00000108018.15	0.779542221609799	6.17068689633756e-26	8	4
ENSG00000144619.14	0.779620455527693	6.05696999654068e-26	4	8
ENSG00000103723.12	0.779884668263099	5.68786868486458e-26	2	8
ENSG00000078269.14	0.77994234374067	5.610271750823e-26	3	16
ENSG00000001629.9	0.779947492947609	5.60339453754624e-26	18	20
ENSG00000119655.10	0.779950795160405	5.59898848548284e-26	11	20
ENSG00000073670.13	0.780077853727035	5.43200721289428e-26	8	18
ENSG00000064726.9	0.780191796160441	5.28641247633411e-26	24	9
ENSG00000136535.14	0.780206806866681	5.26751874913616e-26	4	8
ENSG00000005243.9	0.780221014100517	5.24969718404566e-26	1	11
ENSG00000130477.15	0.780263131822925	5.1972105208869e-26	8	7
ENSG00000162636.15	0.780362425868735	5.07549428924963e-26	4	17
ENSG00000100258.17	0.780378979198247	5.05547593317642e-26	2	6
ENSG00000159164.9	0.780381159200309	5.05284536343638e-26	8	18
ENSG00000090539.15	0.780389543756692	5.04274033892318e-26	8	2
ENSG00000143409.15	0.78041027437688	5.01784067399101e-26	1	4
ENSG00000164068.15	0.780490008155509	4.92318778148174e-26	8	9
ENSG00000125844.15	0.780509632336431	4.90016081531647e-26	13	4
ENSG00000032444.15	0.780558134444862	4.84369952775609e-26	2	9
ENSG00000065978.18	0.780639943253171	4.74990438698018e-26	20	18
ENSG00000149927.17	0.780811137512962	4.55933926986942e-26	8	18
ENSG00000106123.11	0.780831178506413	4.5375256119164e-26	8	2
ENSG00000198961.9	0.78085225961808	4.51468999858622e-26	4	24
ENSG00000144959.9	0.780904342180671	4.45875360689429e-26	4	20
ENSG00000225783.6	0.780908431509247	4.45439050337849e-26	2	11
ENSG00000115194.10	0.780946987657528	4.41345783608594e-26	8	18
ENSG00000114279.13	0.781091446202798	4.26334101830382e-26	12	17
ENSG00000085377.13	0.78109852263673	4.25611716259116e-26	8	20
ENSG00000177614.10	0.781161743441009	4.19210829642188e-26	4	7
ENSG00000165704.14	0.781212276032789	4.14162374340809e-26	4	12
ENSG00000138378.17	0.781233441861343	4.12065517720879e-26	4	8
ENSG00000213064.9	0.781262934840185	4.09161012516912e-26	18	20
ENSG00000150051.13	0.781318063666977	4.03785457346821e-26	4	8
ENSG00000233932.4	0.781320616755528	4.03538189106183e-26	12	4
ENSG00000107864.14	0.781334244985092	4.02220789641748e-26	4	8
ENSG00000165731.18	0.781513638177361	3.85266633188989e-26	4	20
ENSG00000232931.5	0.781540148480874	3.82821215617825e-26	2	6
ENSG00000168000.14	0.781546248542945	3.82260673488103e-26	8	9
ENSG00000165868.13	0.781564114820746	3.80623534363733e-26	4	8
ENSG00000133318.13	0.781660740216924	3.71887605158063e-26	4	8
ENSG00000164068.15	0.781756055439066	3.63462386875326e-26	8	18
ENSG00000078902.15	0.781915523458843	3.49782138556587e-26	8	4
ENSG00000170348.8	0.781926729898913	3.48839944937177e-26	18	8
ENSG00000168490.13	0.781978489666184	3.44520299228622e-26	8	7
ENSG00000076108.11	0.782075828730239	3.36538059637987e-26	15	17
ENSG00000272333.5	0.782125306615729	3.32550284275468e-26	2	6
ENSG00000106400.11	0.782391695151183	3.11861600130813e-26	11	21
ENSG00000083454.21	0.782442273718935	3.08078246257091e-26	8	18
ENSG00000168487.17	0.782489939244181	3.04553902273788e-26	6	12
ENSG00000253368.3	0.782543618380177	3.00632120215023e-26	7	12
ENSG00000060709.14	0.78269746763372	2.8966359527332e-26	4	20
ENSG00000102158.19	0.782746894201678	2.86223589769738e-26	1	4
ENSG00000060140.8	0.782905063508978	2.7548165523782e-26	4	20
ENSG00000170579.16	0.782920599418887	2.74448066922984e-26	4	20
ENSG00000164715.5	0.782948459301765	2.72604069034372e-26	4	20
ENSG00000162889.10	0.783009064468981	2.68634473413427e-26	1	4
ENSG00000253368.3	0.783016303922037	2.68164091493096e-26	7	14
ENSG00000138378.17	0.783273747826742	2.51950515621146e-26	4	20
ENSG00000154493.17	0.783302737032435	2.50186008061887e-26	3	20
ENSG00000198853.11	0.783356101265498	2.46969398910455e-26	8	18
ENSG00000112290.12	0.783507366584738	2.3806991257822e-26	4	8
ENSG00000257103.8	0.783687894233036	2.27858801723465e-26	20	8
ENSG00000127419.16	0.783749659682859	2.24464543784883e-26	2	9
ENSG00000004660.14	0.783761801438252	2.23803146918029e-26	8	4
ENSG00000117505.12	0.783763497234979	2.23710923767068e-26	24	9
ENSG00000213337.8	0.783834800364326	2.1986667992918e-26	12	14
ENSG00000055070.16	0.783995566836363	2.11434651577948e-26	1	4
ENSG00000129515.18	0.784119030386674	2.05174657301286e-26	3	20
ENSG00000104888.9	0.784192810596795	2.01520696606463e-26	7	8
ENSG00000143013.12	0.784208943784127	2.00730223887498e-26	4	8
ENSG00000215218.3	0.784260215839247	1.98238146235418e-26	4	8
ENSG00000130147.15	0.784451637362445	1.891987140024e-26	20	4
ENSG00000264522.5	0.784589448441187	1.82941820313323e-26	3	20
ENSG00000143155.12	0.784604161643053	1.82285893610212e-26	12	4
ENSG00000112232.8	0.784613179761229	1.81884996185595e-26	12	4
ENSG00000143570.17	0.784630260244846	1.81128051347961e-26	1	4
ENSG00000164300.16	0.784630630479292	1.81111678073601e-26	18	4
ENSG00000164620.8	0.784657668268865	1.79919862449032e-26	8	18
ENSG00000078902.15	0.784741456270324	1.762750361046e-26	8	18
ENSG00000267673.6	0.784842318467307	1.71983192736451e-26	12	14
ENSG00000166348.18	0.784919909513429	1.68751298157104e-26	3	14
ENSG00000168096.14	0.784947093425093	1.67633122630659e-26	2	9
ENSG00000061794.12	0.785163213009585	1.58997468711211e-26	24	6
ENSG00000169992.9	0.785318045317983	1.53079851243978e-26	2	21
ENSG00000135622.12	0.785340847477779	1.52226766690287e-26	8	18
ENSG00000105649.9	0.785355524936062	1.51680109122356e-26	8	18
ENSG00000079805.16	0.785359427547336	1.51535081005435e-26	14	12
ENSG00000019505.7	0.785366393548629	1.51276548837349e-26	4	8
ENSG00000154096.13	0.785417125948611	1.49406665621085e-26	8	4
ENSG00000118402.5	0.785439220009791	1.4859941284761e-26	4	17
ENSG00000235711.4	0.785468250974957	1.47545189370275e-26	4	20
ENSG00000100836.10	0.785573926331563	1.43769148096682e-26	6	2
ENSG00000128245.14	0.785645915813272	1.41251094004032e-26	4	20
ENSG00000099308.10	0.785820647318814	1.35317398321045e-26	8	7
ENSG00000140612.13	0.785921450391209	1.32005886590511e-26	11	8
ENSG00000135912.10	0.78592885625903	1.31765744892257e-26	1	4
ENSG00000047597.5	0.786005399301404	1.29308669884233e-26	4	17
ENSG00000159685.10	0.786033627194395	1.28413898416091e-26	12	14
ENSG00000152931.7	0.7860529038937	1.27806346387814e-26	4	8
ENSG00000131591.17	0.786059870425125	1.27587471692689e-26	2	9
ENSG00000137802.13	0.786178232106915	1.23924334473398e-26	2	22
ENSG00000168490.13	0.786291685270627	1.20509779065291e-26	8	20
ENSG00000177432.6	0.786301175852759	1.20228352852115e-26	12	4
ENSG00000145864.12	0.786319147882953	1.19697184895641e-26	4	8
ENSG00000169032.9	0.7863461916093	1.18902224245319e-26	4	24
ENSG00000172915.18	0.786398613388107	1.17375948021176e-26	4	20
ENSG00000171435.13	0.786467439385694	1.15401129178214e-26	8	20
ENSG00000105409.16	0.786490459619843	1.14747893963054e-26	8	4
ENSG00000180370.10	0.786521667549701	1.13868092985446e-26	18	4
ENSG00000165264.10	0.78660066164024	1.11670510848516e-26	12	22
ENSG00000091157.13	0.78664038095631	1.10581266851187e-26	4	8
ENSG00000141580.15	0.786852404786431	1.04940329178957e-26	18	8
ENSG00000128283.6	0.786855827819497	1.04851608262845e-26	3	20
ENSG00000084444.13	0.786887818800194	1.04025979931035e-26	8	20
ENSG00000108055.9	0.786951267273631	1.02407263891756e-26	18	20
ENSG00000178467.17	0.786968534824524	1.01971011604162e-26	8	9
ENSG00000111218.11	0.787093869606122	9.88585517157239e-27	4	8
ENSG00000065978.18	0.787099940332947	9.87101798906291e-27	20	8
ENSG00000160285.14	0.787169210394829	9.70325308956831e-27	14	12
ENSG00000184613.10	0.787235705583919	9.54483416609504e-27	4	8
ENSG00000107902.13	0.787237750033606	9.54000375622845e-27	3	20
ENSG00000131067.16	0.787681964314812	8.54524218574754e-27	8	11
ENSG00000144959.9	0.787706730047988	8.49287487868509e-27	4	8
ENSG00000147655.10	0.787788468202571	8.3222573516008e-27	4	20
ENSG00000166206.14	0.787865009016748	8.16553134411256e-27	4	8
ENSG00000153558.13	0.78809805083109	7.70592053672649e-27	4	8
ENSG00000101367.8	0.788173286691585	7.56301689474545e-27	1	8
ENSG00000140299.11	0.78819145476133	7.52889884861051e-27	18	8
ENSG00000008282.8	0.788197347563932	7.51786505502356e-27	18	20
ENSG00000165264.10	0.788256369159318	7.40822099641681e-27	12	6
ENSG00000077152.9	0.788332686576542	7.26876341331663e-27	12	17
ENSG00000127561.14	0.788358205915481	7.22270653212849e-27	8	18
ENSG00000166111.9	0.78845361218153	7.05303418182895e-27	4	20
ENSG00000022355.16	0.788522926438609	6.93221628965222e-27	4	20
ENSG00000164951.15	0.788594854119624	6.80898412018383e-27	4	8
ENSG00000011347.9	0.788621600783117	6.76370845372334e-27	8	18
ENSG00000137497.17	0.788640464089272	6.73195465943352e-27	6	12
ENSG00000019505.7	0.788823054866347	6.43203009195452e-27	4	20
ENSG00000167654.17	0.788914539495962	6.28671309166413e-27	8	20
ENSG00000171435.13	0.788985667449899	6.17595536088134e-27	8	7
ENSG00000118402.5	0.789054792432519	6.07014672048336e-27	4	8
ENSG00000221823.10	0.789068057178432	6.05004635312497e-27	4	20
ENSG00000198513.11	0.789095462550825	6.00872440370287e-27	4	8
ENSG00000164659.14	0.789100390046692	6.0013240452061e-27	3	16
ENSG00000131584.18	0.789103740868791	5.99629670820047e-27	2	6
ENSG00000083937.8	0.789297449814483	5.71256827717202e-27	9	2
ENSG00000124574.14	0.789303476495057	5.70395496045352e-27	2	9
ENSG00000167566.16	0.789401242679121	5.5659898015463e-27	6	22
ENSG00000084093.16	0.789402729497916	5.56391705067231e-27	18	4
ENSG00000178397.12	0.789413646457642	5.54872099923439e-27	12	4
ENSG00000117298.14	0.789627166363763	5.25954171743777e-27	17	12
ENSG00000114812.12	0.789629234503337	5.2568141486462e-27	8	18
ENSG00000117152.13	0.789634280052553	5.25016562414101e-27	4	8
ENSG00000149926.13	0.789746863376522	5.10393602539352e-27	8	7
ENSG00000204052.4	0.789781715264631	5.05948161703333e-27	7	14
ENSG00000166448.14	0.789936443408566	4.8666536439695e-27	8	4
ENSG00000198420.9	0.78994058817868	4.86158843462622e-27	4	24
ENSG00000174996.11	0.790065013075889	4.71191076980654e-27	8	18
ENSG00000165169.10	0.790201198518295	4.55325224214047e-27	12	4
ENSG00000136942.14	0.790375990727526	4.35725763581018e-27	11	21
ENSG00000158560.14	0.79043117573087	4.29711106756172e-27	4	17
ENSG00000138430.15	0.790455840935696	4.27049165631988e-27	12	17
ENSG00000102158.19	0.790689530802628	4.0261606298849e-27	1	8
ENSG00000175395.15	0.79078094506689	3.9343523300028e-27	4	24
ENSG00000198598.6	0.790867691438148	3.84912773944953e-27	8	9
ENSG00000114353.16	0.790901379474541	3.81651992241701e-27	1	4
ENSG00000178397.12	0.790936195725144	3.78310409195295e-27	12	17
ENSG00000183307.3	0.79102751798865	3.69680933795183e-27	4	8
ENSG00000077080.9	0.791222648169269	3.51882536175813e-27	8	4
ENSG00000173786.16	0.791279985943749	3.46813899340709e-27	3	20
ENSG00000006831.9	0.791294008150738	3.45585253987703e-27	3	20
ENSG00000141540.10	0.791409801463208	3.35600755575706e-27	20	4
ENSG00000134717.17	0.791539134365418	3.24782300426038e-27	24	9
ENSG00000159658.10	0.791571079919883	3.2216311420124e-27	1	8
ENSG00000102878.16	0.791593663401447	3.20323996253101e-27	6	2
ENSG00000126524.9	0.792023264229351	2.87232615667261e-27	9	18
ENSG00000178171.10	0.792106825228555	2.81196370778081e-27	8	18
ENSG00000176105.13	0.792127940189823	2.79690829365209e-27	1	20
ENSG00000099365.10	0.792132488048595	2.79367591226822e-27	8	7
ENSG00000104852.14	0.792170442486631	2.7668420289455e-27	6	2
ENSG00000128654.13	0.792199966669819	2.74614289904303e-27	4	17
ENSG00000125691.12	0.792220162997647	2.73207079395297e-27	21	11
ENSG00000185361.8	0.792396061345066	2.61245711881158e-27	8	18
ENSG00000277586.2	0.792419016572181	2.59723022912746e-27	4	20
ENSG00000198216.10	0.792478523587711	2.55816063216517e-27	4	8
ENSG00000105726.16	0.792632172738068	2.45992159603773e-27	2	6
ENSG00000198918.7	0.792969762701454	2.25686141431806e-27	11	21
ENSG00000142686.7	0.792990605567467	2.24487684474429e-27	4	17
ENSG00000102385.12	0.793333001638826	2.05668631825501e-27	8	4
ENSG00000122824.10	0.79334887908497	2.04834480485703e-27	12	17
ENSG00000185924.6	0.793367687719158	2.03850616491195e-27	8	18
ENSG00000161980.5	0.793408276515339	2.01743180063144e-27	12	14
ENSG00000183049.12	0.793534026734491	1.95348454029494e-27	7	20
ENSG00000078902.15	0.793565942901645	1.93757254453349e-27	8	20
ENSG00000114439.18	0.793796342206087	1.82640827684483e-27	3	20
ENSG00000157064.10	0.793868055201876	1.7930993940843e-27	4	20
ENSG00000116574.5	0.793921340750625	1.76873524554755e-27	3	20
ENSG00000198794.11	0.793953563598926	1.75415924297889e-27	8	7
ENSG00000198612.10	0.794014668402456	1.72684056226682e-27	24	22
ENSG00000119139.17	0.794048305327951	1.71198031346616e-27	20	8
ENSG00000102385.12	0.794128258450727	1.67715871014398e-27	8	20
ENSG00000011083.8	0.794202633125413	1.64538941541406e-27	8	18
ENSG00000120860.10	0.794234388593049	1.63200508428772e-27	22	21
ENSG00000100225.17	0.794283529117707	1.611503001735e-27	3	20
ENSG00000108773.10	0.794289858197602	1.60888081439863e-27	6	2
ENSG00000100106.19	0.794315767921869	1.59818967468243e-27	1	4
ENSG00000168397.16	0.794318462493884	1.59708181128633e-27	2	22
ENSG00000101367.8	0.794358270558179	1.58080216279261e-27	1	18
ENSG00000154277.12	0.794388147564641	1.56869063315994e-27	4	8
ENSG00000175931.12	0.794424540627684	1.55406024566975e-27	8	20
ENSG00000176396.10	0.794454263347127	1.54221053194921e-27	12	4
ENSG00000159164.9	0.794514783640419	1.5183552307573e-27	8	4
ENSG00000182400.14	0.794629089171202	1.47428038378863e-27	12	17
ENSG00000099954.18	0.794725986233445	1.43790048535587e-27	14	17
ENSG00000172350.9	0.794769823968479	1.42173167475251e-27	8	20
ENSG00000170786.12	0.794782924579935	1.41693435808613e-27	4	17
ENSG00000146352.12	0.79494906036869	1.35745413319981e-27	4	20
ENSG00000006740.16	0.795125415208898	1.29698875808414e-27	4	7
ENSG00000162650.16	0.795166268148732	1.28336236597412e-27	2	9
ENSG00000011083.8	0.795236239161179	1.26034845536983e-27	8	2
ENSG00000166105.15	0.795308401107177	1.23703702414903e-27	8	4
ENSG00000142185.16	0.795324832531683	1.23178823078838e-27	8	9
ENSG00000173137.11	0.795385987734363	1.21244384591496e-27	2	9
ENSG00000006025.11	0.795450035625379	1.19250318364987e-27	6	22
ENSG00000260428.2	0.795478352581098	1.18378963224528e-27	2	9
ENSG00000008311.14	0.795564406097272	1.15769027970954e-27	1	17
ENSG00000214517.9	0.795728139538185	1.10957697835778e-27	8	18
ENSG00000135148.11	0.795790618200979	1.09173808528998e-27	20	4
ENSG00000006432.15	0.79587150835964	1.06905874612114e-27	8	20
ENSG00000127603.23	0.795939566178145	1.05033489791911e-27	17	14
ENSG00000134815.18	0.795946303151081	1.04849899402799e-27	6	22
ENSG00000109099.13	0.796015661061077	1.02977979515321e-27	1	20
ENSG00000165152.8	0.796056972486276	1.01878596654668e-27	4	8
ENSG00000135929.8	0.796187232211799	9.84867830746787e-28	1	20
ENSG00000165943.4	0.796193114548816	9.83362502893161e-28	4	24
ENSG00000148798.10	0.796198712646207	9.81932004852607e-28	4	8
ENSG00000116299.16	0.796198821174921	9.8190429232726e-28	4	8
ENSG00000204851.6	0.79628641288962	9.59785751464123e-28	8	4
ENSG00000073969.18	0.796289412971055	9.59036875567179e-28	4	20
ENSG00000175182.14	0.796358506799018	9.41947140766458e-28	4	8
ENSG00000097021.19	0.796514693632965	9.04406502462872e-28	4	18
ENSG00000103415.11	0.796631906548254	8.77199117571625e-28	4	17
ENSG00000068903.19	0.796665215580952	8.69614705523129e-28	3	20
ENSG00000186094.16	0.796682940274232	8.65605019874616e-28	4	20
ENSG00000213064.9	0.797037627468139	7.89066997271253e-28	18	8
ENSG00000157445.14	0.797124125926572	7.71430257754898e-28	4	8
ENSG00000115825.9	0.797155368319198	7.65155353678112e-28	1	18
ENSG00000092096.16	0.79718065821422	7.60112588572923e-28	8	11
ENSG00000155366.16	0.797221811481417	7.51976132123753e-28	1	4
ENSG00000131067.16	0.797312330019633	7.34378363548691e-28	8	18
ENSG00000137876.9	0.797372603127879	7.2288482164123e-28	12	24
ENSG00000176490.4	0.797393843998344	7.18876477540766e-28	8	20
ENSG00000169933.13	0.79753796444036	6.92248322327471e-28	4	20
ENSG00000162188.5	0.797540465359066	6.91794872507356e-28	4	8
ENSG00000101846.6	0.797672717259397	6.6822550489352e-28	4	20
ENSG00000174672.15	0.797695787099741	6.6419538577969e-28	8	9
ENSG00000116731.22	0.797886639344986	6.31754803260503e-28	8	18
ENSG00000185774.14	0.797915588090476	6.26971580416931e-28	4	12
ENSG00000127314.17	0.798044893737153	6.06035475836374e-28	18	8
ENSG00000197771.12	0.798058736498806	6.03835133212004e-28	18	8
ENSG00000177614.10	0.798077182148171	6.00915295631035e-28	4	20
ENSG00000150394.13	0.798108052910024	5.96059519653966e-28	4	17
ENSG00000182173.12	0.798254451989749	5.73549778250839e-28	6	2
ENSG00000055211.12	0.798312330680061	5.64881924330395e-28	1	8
ENSG00000125744.11	0.798428075236918	5.47930920150734e-28	8	7
ENSG00000123178.14	0.798766278106258	5.01202441575159e-28	12	17
ENSG00000011347.9	0.798875281244892	4.86990328138128e-28	8	4
ENSG00000165061.14	0.798906953264833	4.82935319751734e-28	4	20
ENSG00000148700.14	0.79897767295515	4.73999885109095e-28	1	18
ENSG00000196090.12	0.798979991725	4.73709664848e-28	4	8
ENSG00000175874.9	0.799076969427107	4.61726303976453e-28	4	8
ENSG00000105649.9	0.799185291487532	4.48691754570999e-28	8	20
ENSG00000116478.11	0.799407219841621	4.23101521040279e-28	1	17
ENSG00000099954.18	0.7995003389958	4.12794613033454e-28	14	4
ENSG00000223572.9	0.79950991059946	4.11749211143211e-28	4	8
ENSG00000120896.13	0.799636584493101	3.98155668856634e-28	1	17
ENSG00000119950.20	0.799640728914984	3.977184275746e-28	1	20
ENSG00000116106.11	0.799670781703905	3.94561851982699e-28	4	20
ENSG00000147676.13	0.799756095519957	3.85733967033503e-28	4	20
ENSG00000172260.14	0.799841296146281	3.77110806471232e-28	4	17
ENSG00000205323.8	0.799861120860405	3.75131565019616e-28	12	21
ENSG00000141622.13	0.799960649838048	3.65347511593977e-28	8	20
ENSG00000097021.19	0.800006901905752	3.60886194787431e-28	4	20
ENSG00000134030.13	0.800099500068607	3.52114128250257e-28	2	9
ENSG00000008300.16	0.800332228211123	3.309781817753e-28	8	2
ENSG00000166912.16	0.800422840346031	3.2308925475192e-28	1	20
ENSG00000198001.13	0.800468497499962	3.19184251020446e-28	18	8
ENSG00000169758.12	0.801014042089439	2.75951980275284e-28	8	18
ENSG00000066248.14	0.801048404067825	2.73429708767299e-28	8	4
ENSG00000085719.12	0.801048627851782	2.73413356539877e-28	1	18
ENSG00000169021.5	0.801054373290443	2.7299385634779e-28	24	6
ENSG00000273079.5	0.801105046232509	2.69321173330412e-28	8	20
ENSG00000168887.10	0.801177684088815	2.64140723811931e-28	20	4
ENSG00000105255.10	0.801266780118489	2.57919540676447e-28	8	2
ENSG00000162374.16	0.801316901135325	2.54483080164273e-28	4	8
ENSG00000171603.16	0.801361128892156	2.51487928677976e-28	8	2
ENSG00000116106.11	0.801429972504906	2.46894287574535e-28	4	8
ENSG00000102385.12	0.801431310511276	2.46805826667581e-28	8	18
ENSG00000154917.10	0.80163051833737	2.33975749431046e-28	4	20
ENSG00000162378.12	0.801662719714721	2.31964035762922e-28	4	24
ENSG00000120265.16	0.801802939333422	2.23399690153846e-28	4	24
ENSG00000184743.12	0.80183834706896	2.21286472336948e-28	20	8
ENSG00000183255.11	0.801853298011136	2.20400050802106e-28	1	4
ENSG00000124222.22	0.801884056356657	2.18587344779727e-28	6	14
ENSG00000114166.7	0.801922223922201	2.16358263680353e-28	1	18
ENSG00000154146.12	0.802057729629978	2.08622652060499e-28	8	18
ENSG00000104044.15	0.802128447006671	2.04693786849392e-28	4	8
ENSG00000074706.13	0.802370328460422	1.91795266529648e-28	4	8
ENSG00000186106.11	0.802456100281956	1.87415287851958e-28	12	24
ENSG00000113763.10	0.80256988768545	1.81755479798931e-28	8	18
ENSG00000121905.9	0.802656769414805	1.77546930494157e-28	7	20
ENSG00000136531.15	0.802677180138434	1.76572156908239e-28	4	8
ENSG00000184368.15	0.802780734437074	1.71706758849133e-28	4	17
ENSG00000089847.12	0.802888279266562	1.66792804398289e-28	8	2
ENSG00000198720.12	0.802928431579314	1.64993673259125e-28	2	22
ENSG00000077721.15	0.802984568957306	1.62510095150635e-28	9	2
ENSG00000214376.5	0.803189870652564	1.53735070518344e-28	4	8
ENSG00000176381.5	0.803436035055163	1.43823483654133e-28	3	20
ENSG00000139174.11	0.803588633237798	1.37996248485835e-28	4	8
ENSG00000177731.15	0.80360634262113	1.37335137138225e-28	6	22
ENSG00000162441.11	0.803660817791916	1.3532089239813e-28	9	2
ENSG00000213424.8	0.803784961222509	1.308380518006e-28	4	17
ENSG00000184368.15	0.803909404254086	1.2649037517166e-28	4	20
ENSG00000196876.15	0.803945963167571	1.25240210595957e-28	8	18
ENSG00000169891.17	0.803966509926964	1.24542912942666e-28	4	17
ENSG00000104067.16	0.803989194136157	1.23777489702735e-28	1	20
ENSG00000156959.8	0.804055665748169	1.21560985528885e-28	8	18
ENSG00000183155.4	0.80423751184024	1.15693934061968e-28	4	17
ENSG00000147416.10	0.80425118249232	1.15264243260891e-28	4	8
ENSG00000172380.5	0.804252138125274	1.15234264648183e-28	1	18
ENSG00000130477.15	0.804354580465084	1.12064477027592e-28	8	20
ENSG00000128708.12	0.804465511481472	1.08728263500567e-28	18	8
ENSG00000171163.15	0.804916621059201	9.61346202170765e-29	6	2
ENSG00000100146.16	0.80495629555659	9.5097954049844e-29	3	20
ENSG00000173039.18	0.80528667487158	8.68798666968509e-29	17	13
ENSG00000078053.16	0.805553666525477	8.07501276338582e-29	4	20
ENSG00000066322.14	0.805558850098687	8.06354119968649e-29	3	20
ENSG00000067842.17	0.805589287003334	7.9965036065135e-29	8	20
ENSG00000139112.10	0.805757355118227	7.63603971404354e-29	4	24
ENSG00000167642.12	0.805767433129773	7.6149378646785e-29	4	20
ENSG00000141622.13	0.805838570517117	7.46760174898752e-29	8	4
ENSG00000077080.9	0.805862693039898	7.41827683289519e-29	8	18
ENSG00000174231.16	0.805873159742419	7.39697421582644e-29	2	9
ENSG00000136450.12	0.806014473312707	7.11515778681378e-29	14	19
ENSG00000152932.7	0.80611024034822	6.93017642764252e-29	4	12
ENSG00000081377.16	0.806125999996132	6.90018996474389e-29	1	20
ENSG00000162989.4	0.806215402815851	6.73246860645339e-29	4	8
ENSG00000174938.14	0.806323606519815	6.53480811503853e-29	8	18
ENSG00000114784.3	0.806486879107172	6.24725886253764e-29	12	24
ENSG00000113327.15	0.806572475682963	6.10149656325654e-29	4	20
ENSG00000184743.12	0.806590323360707	6.07152593141813e-29	20	18
ENSG00000102699.5	0.806663090011589	5.95081733583653e-29	18	20
ENSG00000105355.8	0.806939884954657	5.51275063536325e-29	1	4
ENSG00000142185.16	0.806995281082072	5.42894943530854e-29	8	2
ENSG00000132938.19	0.807149555017767	5.20208703727756e-29	8	20
ENSG00000185924.6	0.807333505804424	4.94369304623242e-29	8	4
ENSG00000167642.12	0.807405746967678	4.84568993342867e-29	4	8
ENSG00000019144.18	0.807582382313137	4.61400475951376e-29	3	20
ENSG00000277531.2	0.807712771245898	4.44997127831988e-29	4	8
ENSG00000118733.16	0.808044836960882	4.05757169033115e-29	4	8
ENSG00000155961.4	0.808054956839602	4.04616120420953e-29	12	17
ENSG00000104852.14	0.808252295892893	3.82983092136e-29	6	22
ENSG00000213339.8	0.808432257343519	3.64244776508192e-29	2	6
ENSG00000105255.10	0.80845787158806	3.61651758069459e-29	8	18
ENSG00000160460.15	0.808483142544034	3.59111204140245e-29	8	2
ENSG00000067560.10	0.808529111015977	3.54534595301019e-29	18	20
ENSG00000164082.14	0.808544196649669	3.53045154738173e-29	8	2
ENSG00000148400.9	0.808658553021297	3.41951962093205e-29	1	17
ENSG00000105855.9	0.808680938968078	3.39820693196638e-29	1	18
ENSG00000119655.10	0.808709879179849	3.37084684614536e-29	11	8
ENSG00000099282.9	0.808935021995061	3.16523552441906e-29	3	20
ENSG00000084764.10	0.808947651438994	3.15407275729576e-29	8	18
ENSG00000040933.15	0.809019544481918	3.09125906187853e-29	4	20
ENSG00000125166.12	0.809022395069109	3.08879388166965e-29	4	20
ENSG00000178974.9	0.809039127129052	3.0743627948587e-29	4	20
ENSG00000213983.11	0.809114770984971	3.00994087364383e-29	2	6
ENSG00000110931.18	0.809154435155788	2.97669105078729e-29	7	8
ENSG00000171450.5	0.809616935857678	2.61455751085304e-29	8	7
ENSG00000101638.13	0.809668449991956	2.57699706817137e-29	8	18
ENSG00000155189.11	0.80973831955984	2.52689613532384e-29	1	8
ENSG00000204116.11	0.809916605802786	2.40333477310222e-29	4	17
ENSG00000106976.20	0.810151298920533	2.24966301723241e-29	8	18
ENSG00000139998.14	0.81015487951056	2.24739467828314e-29	8	4
ENSG00000172209.5	0.810199906680915	2.21905994269502e-29	12	4
ENSG00000167861.15	0.810358136725558	2.12223549492949e-29	6	22
ENSG00000169139.11	0.810504062555136	2.03661376217116e-29	12	24
ENSG00000145087.12	0.810628878363338	1.96606906996631e-29	4	20
ENSG00000099991.17	0.810732457465576	1.90934827402743e-29	2	9
ENSG00000102003.10	0.810933012421051	1.80404011833931e-29	8	18
ENSG00000165458.13	0.811011410510816	1.7644392016375e-29	1	17
ENSG00000167114.12	0.811246336440161	1.65079940608935e-29	8	18
ENSG00000133026.12	0.81130031826189	1.62571734236233e-29	8	4
ENSG00000174514.12	0.811452636143999	1.55693904404484e-29	8	4
ENSG00000198598.6	0.811470891949665	1.54888940585357e-29	8	2
ENSG00000131584.18	0.811531515173406	1.52244968138396e-29	2	22
ENSG00000133985.2	0.811584232925579	1.49981736309775e-29	4	20
ENSG00000178467.17	0.811600533389277	1.49288630379349e-29	8	2
ENSG00000127946.16	0.811600769175438	1.49278627648108e-29	3	20
ENSG00000172375.12	0.811671122826116	1.46323143450773e-29	8	18
ENSG00000143013.12	0.81170650044395	1.44858690363862e-29	4	20
ENSG00000130558.19	0.811790957569891	1.41420369674935e-29	8	20
ENSG00000135472.8	0.812081415570565	1.30194587887321e-29	8	11
ENSG00000272031.2	0.812419748556343	1.18215626205192e-29	8	4
ENSG00000197892.12	0.812492166040069	1.15795489574307e-29	3	20
ENSG00000180044.5	0.812514741891838	1.15050989532047e-29	4	20
ENSG00000172350.9	0.812961451496491	1.01247253229747e-29	8	18
ENSG00000107281.9	0.812988763935149	1.00458027786389e-29	2	9
ENSG00000185274.11	0.813072898330981	9.80645298572365e-30	8	18
ENSG00000034053.14	0.813235826153587	9.35871761449293e-30	8	18
ENSG00000176769.9	0.813243416209987	9.33835501964633e-30	8	18
ENSG00000135423.12	0.813382830598417	8.97195816899689e-30	8	18
ENSG00000130540.13	0.813590235903557	8.45278013550017e-30	4	20
ENSG00000103335.21	0.813701091047311	8.1874704680286e-30	1	4
ENSG00000048991.16	0.813713897562962	8.15735106655555e-30	4	8
ENSG00000221866.9	0.813735350453042	8.10713932297589e-30	8	20
ENSG00000143442.21	0.813885410250248	7.76427913046254e-30	6	14
ENSG00000145428.14	0.814296508304319	6.89607861215092e-30	4	20
ENSG00000069509.5	0.814401542897017	6.68996523413583e-30	12	22
ENSG00000124126.13	0.814416712515953	6.6607002350388e-30	20	4
ENSG00000077264.14	0.814427722198496	6.63953905810593e-30	12	4
ENSG00000088899.14	0.814745511010994	6.05631956555967e-30	7	8
ENSG00000166448.14	0.814938485091075	5.72696805514351e-30	8	18
ENSG00000129159.7	0.815187299955558	5.32809317350428e-30	8	4
ENSG00000160014.16	0.815192957245224	5.31934785043084e-30	4	20
ENSG00000168488.18	0.815351137350256	5.08043604600389e-30	2	22
ENSG00000180628.14	0.815499049582569	4.86655630058714e-30	18	8
ENSG00000058335.15	0.815698678083272	4.59182034948915e-30	4	8
ENSG00000198010.12	0.815750625161304	4.52285607281367e-30	8	4
ENSG00000164061.4	0.815812070437005	4.44259065840809e-30	8	7
ENSG00000156486.7	0.815814087846323	4.439979122737e-30	4	8
ENSG00000101265.15	0.815998964789446	4.20692951584284e-30	3	20
ENSG00000109736.14	0.816023778629498	4.17657631905198e-30	6	2
ENSG00000169744.12	0.816105770979598	4.07779735833616e-30	4	8
ENSG00000081189.15	0.816253472202358	3.90559645050731e-30	4	20
ENSG00000067715.13	0.816589630075694	3.5397897469933e-30	4	8
ENSG00000128159.11	0.81661536275102	3.51321270335572e-30	2	6
ENSG00000155959.10	0.816624257092037	3.50407202925346e-30	24	9
ENSG00000145087.12	0.816671170185065	3.45624365010868e-30	4	8
ENSG00000185274.11	0.816677600536838	3.4497378584767e-30	8	7
ENSG00000104419.14	0.817237470154057	2.92698133436599e-30	3	20
ENSG00000135316.17	0.81765534049048	2.58818261862121e-30	18	8
ENSG00000129055.12	0.817700809827442	2.55372057699902e-30	12	22
ENSG00000277531.2	0.8178223350015	2.46380465877664e-30	4	20
ENSG00000120063.9	0.818087858079629	2.27799600365135e-30	1	18
ENSG00000177679.15	0.818280276613692	2.15199165752258e-30	8	2
ENSG00000102158.19	0.818720893386428	1.88860785045441e-30	1	20
ENSG00000133019.11	0.818922592182937	1.77883525037196e-30	4	8
ENSG00000204851.6	0.818970407242301	1.75374297351887e-30	8	18
ENSG00000153814.11	0.819010856960463	1.73278676528451e-30	4	17
ENSG00000111218.11	0.819202210565922	1.63692792618321e-30	4	20
ENSG00000097021.19	0.819356025689589	1.56365650311683e-30	4	8
ENSG00000082458.11	0.819361290513979	1.56120625395284e-30	4	20
ENSG00000164068.15	0.819929769088677	1.31761837995069e-30	8	2
ENSG00000084444.13	0.819955755559925	1.30742200498224e-30	8	4
ENSG00000088538.12	0.819987943189219	1.29489954830653e-30	8	4
ENSG00000114279.13	0.820086896822228	1.25713314079638e-30	12	4
ENSG00000100023.18	0.820536129936214	1.09881171557395e-30	2	9
ENSG00000169169.14	0.82058538161079	1.08269047495951e-30	8	2
ENSG00000060491.16	0.820904236207478	9.83785579041183e-31	2	9
ENSG00000214517.9	0.821096339098039	9.2852834319821e-31	8	4
ENSG00000067842.17	0.821109802297119	9.24771800191473e-31	8	18
ENSG00000125851.9	0.821129272953596	9.19365351931295e-31	4	8
ENSG00000123570.3	0.821370831804119	8.54811683152912e-31	4	17
ENSG00000022355.16	0.821552954008456	8.09097622748579e-31	4	8
ENSG00000196876.15	0.821643109028563	7.87362764331353e-31	8	4
ENSG00000149269.9	0.821798292843261	7.51282178312904e-31	4	20
ENSG00000164588.6	0.821838701101588	7.42156066949372e-31	4	8
ENSG00000159658.10	0.821852739895827	7.39010920610598e-31	1	20
ENSG00000119280.16	0.821875192471575	7.34007926140818e-31	1	20
ENSG00000130477.15	0.822039963370301	6.98294083396518e-31	8	4
ENSG00000185352.8	0.822056711561301	6.94760679853233e-31	4	20
ENSG00000182674.5	0.822434612146729	6.19531011151897e-31	4	8
ENSG00000143409.15	0.822731459885169	5.66087192588208e-31	1	20
ENSG00000167283.7	0.822764868925512	5.60362720206203e-31	12	21
ENSG00000033627.16	0.822838874356209	5.47883390587538e-31	8	2
ENSG00000163704.11	0.823135806661836	5.00492542066255e-31	8	18
ENSG00000132938.19	0.823148896246737	4.98498537030142e-31	8	4
ENSG00000148798.10	0.823278042449457	4.79237450962899e-31	4	20
ENSG00000105696.8	0.823287560704609	4.77847080372659e-31	8	18
ENSG00000180370.10	0.823594830360895	4.35025037489366e-31	18	20
ENSG00000109099.13	0.823698242457057	4.2147682136306e-31	1	4
ENSG00000184207.8	0.823736924832324	4.16515908098718e-31	8	18
ENSG00000075035.9	0.823853857813903	4.01864729999449e-31	8	4
ENSG00000214655.10	0.823942111743269	3.91142317712061e-31	6	2
ENSG00000197586.12	0.824059048863448	3.77365669197995e-31	8	18
ENSG00000039560.13	0.824396759276266	3.40192777685427e-31	3	20
ENSG00000165379.13	0.824539491582665	3.25582648383867e-31	4	8
ENSG00000182732.16	0.824574353360902	3.22108635579202e-31	8	20
ENSG00000163995.19	0.82481822151812	2.98801887289305e-31	7	8
ENSG00000176485.11	0.825224685396852	2.6357469407839e-31	3	20
ENSG00000174672.15	0.825240384762184	2.62299011059666e-31	8	2
ENSG00000075340.22	0.825382367398392	2.51033216368854e-31	4	20
ENSG00000164715.5	0.825431955000562	2.47211401916558e-31	4	8
ENSG00000148337.20	0.825515137023963	2.40927994604129e-31	6	22
ENSG00000133895.14	0.82552932206163	2.3987221109385e-31	8	2
ENSG00000151414.14	0.825534437343635	2.39492596628181e-31	3	20
ENSG00000188191.14	0.825591082162543	2.35328017408513e-31	8	18
ENSG00000168135.4	0.825619744475485	2.33247847722263e-31	7	8
ENSG00000183283.15	0.826111170478163	2.00260614591887e-31	1	18
ENSG00000100294.12	0.82612329259061	1.99507581672573e-31	12	14
ENSG00000134265.12	0.826251769430159	1.91695050004125e-31	4	24
ENSG00000109790.16	0.827048404666835	1.49527355923348e-31	3	20
ENSG00000158445.9	0.827182794876294	1.4337238406789e-31	8	4
ENSG00000141668.9	0.827719791594139	1.21161334004439e-31	8	4
ENSG00000168490.13	0.827728076453613	1.20846547720029e-31	8	18
ENSG00000114948.12	0.827896893101526	1.14603995160743e-31	4	8
ENSG00000139970.16	0.828070772840841	1.08504617009428e-31	4	8
ENSG00000165300.7	0.828161815959888	1.05439012524786e-31	4	8
ENSG00000121775.17	0.82948965074331	6.92839070694091e-32	2	9
ENSG00000162989.4	0.829553198043862	6.7899280365426e-32	4	20
ENSG00000169718.17	0.829809101301644	6.25926333923564e-32	2	9
ENSG00000084093.16	0.829877004494282	6.12541419167773e-32	18	20
ENSG00000155189.11	0.830024184275706	5.84484890093598e-32	1	18
ENSG00000135250.16	0.830192989134206	5.5385395811641e-32	4	24
ENSG00000175931.12	0.830217861447386	5.49475695369011e-32	8	18
ENSG00000263126.1	0.830231513796885	5.47086908994879e-32	6	22
ENSG00000143164.15	0.83081935007833	4.53340267573036e-32	4	20
ENSG00000100346.17	0.830994028761958	4.28653528244463e-32	8	18
ENSG00000165476.13	0.831099102205404	4.14443378490034e-32	3	20
ENSG00000104904.12	0.831318455050689	3.86249144772938e-32	4	20
ENSG00000081760.16	0.831505542510793	3.6369370286897e-32	8	18
ENSG00000204396.10	0.831674211384298	3.44468218762223e-32	8	18
ENSG00000112640.14	0.831691483138003	3.42556652223038e-32	4	20
ENSG00000164100.8	0.831781435060083	3.32767902943317e-32	4	20
ENSG00000197381.15	0.832042894106142	3.05845097050841e-32	4	20
ENSG00000143727.15	0.832502459970529	2.63600720322937e-32	12	24
ENSG00000139182.13	0.832770584428987	2.41653359886028e-32	8	18
ENSG00000089818.17	0.832841504650551	2.36154160141824e-32	4	12
ENSG00000089159.16	0.83357843856891	1.85795808130858e-32	17	13
ENSG00000171617.13	0.833589341644907	1.85136064474952e-32	4	8
ENSG00000185274.11	0.833720970099622	1.77350101518282e-32	8	4
ENSG00000100321.14	0.834478492353928	1.38397268286619e-32	8	11
ENSG00000176749.8	0.834485510611833	1.38078838682881e-32	4	8
ENSG00000156486.7	0.834548863346564	1.35236717095186e-32	4	20
ENSG00000067560.10	0.83497369846464	1.17604800921261e-32	18	8
ENSG00000175130.6	0.83502285449535	1.15716180412867e-32	1	20
ENSG00000163032.11	0.835032033268542	1.15366830533018e-32	4	8
ENSG00000076928.17	0.835319613367341	1.04929710472784e-32	14	6
ENSG00000102158.19	0.835335244130842	1.04389741387772e-32	1	18
ENSG00000213190.3	0.83558852550468	9.60102246242873e-33	4	12
ENSG00000185742.6	0.835644627462836	9.42453064640927e-33	4	20
ENSG00000167654.17	0.836306452436263	7.56788116055141e-33	8	4
ENSG00000148356.13	0.836436400636144	7.24795193614437e-33	8	9
ENSG00000164742.14	0.83697985936002	6.04762170947971e-33	4	7
ENSG00000102003.10	0.837101918659909	5.80610216761009e-33	8	4
ENSG00000177105.9	0.837150649132291	5.71234116672943e-33	3	20
ENSG00000115935.17	0.837494164232259	5.09220285280867e-33	3	20
ENSG00000136928.6	0.837960972049467	4.35409466306627e-33	8	4
ENSG00000128739.21	0.838245020358942	3.9574013393316e-33	4	20
ENSG00000112531.16	0.838272244705073	3.9212951253058e-33	1	20
ENSG00000067141.16	0.83898237423219	3.08558683569012e-33	1	17
ENSG00000148180.19	0.839382518565008	2.69439575816653e-33	1	4
ENSG00000176396.10	0.839476572873846	2.60975069090361e-33	12	17
ENSG00000213424.8	0.839566660538255	2.53112102371117e-33	4	12
ENSG00000164830.18	0.839881267375528	2.27431355305484e-33	4	24
ENSG00000110675.12	0.84016233233311	2.06660004081739e-33	4	20
ENSG00000165424.6	0.840240128470882	2.01247005180675e-33	3	20
ENSG00000100485.11	0.840275566749277	1.98827527740926e-33	3	20
ENSG00000136854.19	0.840319172728763	1.95889503774868e-33	8	4
ENSG00000110427.14	0.841046863399242	1.52697225321308e-33	4	20
ENSG00000185924.6	0.841291653988382	1.40384039970871e-33	8	20
ENSG00000185000.11	0.841508567835601	1.30289901009206e-33	2	9
ENSG00000197694.15	0.841560307822798	1.27989279331816e-33	8	2
ENSG00000112640.14	0.842141912106014	1.04715169141965e-33	4	8
ENSG00000198910.12	0.842264629132527	1.00362896159857e-33	8	4
ENSG00000148356.13	0.843155606253834	7.36619755582585e-34	8	2
ENSG00000101977.19	0.843515352085992	6.49782851621008e-34	4	17
ENSG00000185742.6	0.843534620128571	6.45426327592359e-34	4	8
ENSG00000185760.15	0.843610987152023	6.28439449595908e-34	4	8
ENSG00000072201.13	0.843642024764631	6.21661437008843e-34	4	20
ENSG00000139433.9	0.843842362159015	5.79603408026463e-34	3	20
ENSG00000162188.5	0.843853747992685	5.77298736008916e-34	4	20
ENSG00000153814.11	0.844540811018216	4.53659274092661e-34	4	12
ENSG00000175182.14	0.845223649403855	3.56614678618372e-34	4	20
ENSG00000172031.6	0.845224117981476	3.56555640306509e-34	4	20
ENSG00000155097.11	0.846438904746562	2.31691384554417e-34	4	24
ENSG00000168610.14	0.848036687780483	1.30672624609873e-34	17	13
ENSG00000110427.14	0.848517217077594	1.09855438489563e-34	4	8
ENSG00000119946.10	0.849160273632062	8.70079956499911e-35	8	4
ENSG00000105649.9	0.849515610332266	7.64542611371463e-35	8	4
ENSG00000158195.10	0.850233964092126	5.88070632552394e-35	1	4
ENSG00000007541.16	0.850273358630931	5.79644882014521e-35	2	9
ENSG00000273079.5	0.852962214428986	2.1432538060395e-35	8	4
ENSG00000176454.13	0.853505848684238	1.74850760318805e-35	8	2
ENSG00000185274.11	0.855439512410154	8.41966992477208e-36	8	20
ENSG00000255529.7	0.855473537453682	8.3113058619613e-36	9	2
ENSG00000119801.12	0.855741663881691	7.50388208540207e-36	12	24
ENSG00000075340.22	0.855858058847234	7.17779565967492e-36	4	8
ENSG00000006432.15	0.856672769970412	5.25363278581447e-36	8	4
ENSG00000128656.13	0.857627627855203	3.635338887326e-36	8	4
ENSG00000135709.12	0.857822638105872	3.37087276698227e-36	8	7
ENSG00000188859.6	0.857843720466293	3.34343731884987e-36	4	20
ENSG00000171435.13	0.858177303671417	2.9373718746566e-36	8	4
ENSG00000186522.14	0.859533407351137	1.72927830894148e-36	3	20
ENSG00000164258.11	0.859979366289854	1.45101189879703e-36	12	22
ENSG00000175582.19	0.860928203161813	9.96963965316398e-37	4	24
ENSG00000113578.17	0.86153662701196	7.82580494996314e-37	3	20
ENSG00000126803.9	0.862830095087444	4.65923279615608e-37	3	20
ENSG00000134352.19	0.862894220713592	4.5403499900308e-37	1	18
ENSG00000183454.16	0.863079474489355	4.21336468069669e-37	4	8
ENSG00000132879.13	0.864244631726723	2.62648217514033e-37	8	18
ENSG00000263874.2	0.865892396323254	1.33607315543166e-37	12	17
ENSG00000169116.11	0.867802722802878	6.03390135988541e-38	4	20
ENSG00000176105.13	0.870147864240178	2.2354111600437e-38	1	18
ENSG00000179104.8	0.871350966017805	1.33307888846009e-38	3	20
ENSG00000130540.13	0.876116795963018	1.63235225928202e-39	4	8
ENSG00000221866.9	0.876862583016723	1.16597704081934e-39	8	4
ENSG00000159658.10	0.877734531710912	7.84583819128921e-40	1	18
ENSG00000112531.16	0.878391281273005	5.81006625472506e-40	1	18
ENSG00000067842.17	0.879872860778455	2.93146967946071e-40	8	4
ENSG00000112851.14	0.881396385092638	1.43701960701497e-40	3	20
ENSG00000137710.14	0.884955533524498	2.61379566968028e-41	3	20
ENSG00000180370.10	0.889723246467076	2.43528040499376e-42	18	8
ENSG00000049245.12	0.889755601835962	2.39548346492183e-42	3	20
ENSG00000138757.14	0.914194691145039	1.67408986529169e-48	4	24
ENSG00000073169.13	0.914240791881414	1.62365038282821e-48	2	9
