gene	corr	pvalue	gene_mod	pc_mod
ENSG00000067842.17	0.784518889647477	1.0978617099522e-31	2	1
ENSG00000232859.9	0.784540314365176	1.0909435529173e-31	8	2
ENSG00000131044.16	0.784587016226483	1.07601129009837e-31	1	5
ENSG00000022355.16	0.784638727636143	1.05971138309683e-31	2	1
ENSG00000166448.14	0.784726606253357	1.03256562879686e-31	2	1
ENSG00000119403.13	0.784727619002102	1.03225680468411e-31	1	2
ENSG00000275066.4	0.784777146072875	1.0172643549642e-31	1	2
ENSG00000134851.12	0.784894293494485	9.82648211048346e-32	1	2
ENSG00000116679.15	0.784901626433619	9.80520277878662e-32	1	2
ENSG00000130558.19	0.784940036476036	9.69447843222311e-32	2	1
ENSG00000137843.11	0.785044856292743	9.39852436284121e-32	8	1
ENSG00000133226.16	0.785073478416284	9.31926511597658e-32	1	2
ENSG00000138028.15	0.785122782305454	9.18427105174011e-32	2	8
ENSG00000189410.11	0.785185080710392	9.01644133015209e-32	2	8
ENSG00000131899.10	0.785235021225762	8.88408130161108e-32	1	2
ENSG00000176438.12	0.785595472047917	7.98372580659847e-32	1	2
ENSG00000136237.18	0.78565345014984	7.84752594853556e-32	1	10
ENSG00000109339.19	0.785700211103998	7.73934144901246e-32	2	10
ENSG00000152154.10	0.785705661878065	7.72682643662457e-32	2	1
ENSG00000186047.9	0.785725978941028	7.68035317247149e-32	2	1
ENSG00000144583.4	0.785746222484817	7.63432109682878e-32	8	1
ENSG00000106290.14	0.785942988382709	7.20077394467263e-32	8	1
ENSG00000158711.13	0.786111610577572	6.84854596123685e-32	1	2
ENSG00000165704.14	0.786164206083335	6.74218437174796e-32	2	1
ENSG00000127946.16	0.786165157559091	6.74027525961936e-32	1	2
ENSG00000104472.9	0.786168005147	6.73456481740835e-32	1	2
ENSG00000114948.12	0.786272519461079	6.52823127237061e-32	2	1
ENSG00000072195.14	0.786337828702769	6.40246200396587e-32	8	1
ENSG00000107295.9	0.786400100468537	6.28475951631384e-32	2	1
ENSG00000050165.17	0.786410513870079	6.2652851819782e-32	2	1
ENSG00000166086.12	0.78645456207516	6.18356304842932e-32	1	10
ENSG00000118762.7	0.786490718478119	6.11726551106956e-32	1	2
ENSG00000116473.14	0.786526950735913	6.05152922967239e-32	1	2
ENSG00000168159.11	0.786556813014355	5.99787190979852e-32	2	8
ENSG00000204147.9	0.786681662385905	5.77855429730547e-32	2	1
ENSG00000131089.15	0.786693511547132	5.75815325709377e-32	2	8
ENSG00000254377.5	0.786710725199467	5.72864197176179e-32	2	1
ENSG00000065361.14	0.786827316562043	5.5326297073643e-32	1	2
ENSG00000177380.13	0.78701231908891	5.23504253228953e-32	8	1
ENSG00000124702.17	0.787146052208835	5.02977054548417e-32	2	1
ENSG00000159423.16	0.787265804998349	4.85267912241929e-32	4	10
ENSG00000175772.10	0.787545852248451	4.46209876422209e-32	2	1
ENSG00000131778.18	0.787571195957171	4.4283149547722e-32	1	2
ENSG00000086504.15	0.787647270523817	4.32840713150312e-32	2	1
ENSG00000119638.12	0.78778469822867	4.15350551897703e-32	1	12
ENSG00000189403.14	0.787934416498087	3.97085764483451e-32	1	2
ENSG00000103978.15	0.787936074123891	3.96888024851545e-32	1	8
ENSG00000077380.15	0.788112347352983	3.76402958422974e-32	1	8
ENSG00000109832.13	0.788219287202131	3.64485145243991e-32	2	1
ENSG00000112186.11	0.788471586366183	3.37816903721778e-32	2	1
ENSG00000130770.17	0.788506748450442	3.34255773849373e-32	2	1
ENSG00000241360.1	0.788516139241379	3.33310952001421e-32	8	2
ENSG00000204065.2	0.788520509904741	3.32872107753822e-32	2	1
ENSG00000003147.17	0.788634466849509	3.21628219850275e-32	2	1
ENSG00000253368.3	0.788720395842285	3.13397268174579e-32	2	9
ENSG00000073584.18	0.788737721724811	3.11762897514924e-32	1	2
ENSG00000273079.5	0.788742601760977	3.11304070813944e-32	2	8
ENSG00000107872.12	0.788798136213838	3.06129142318471e-32	8	2
ENSG00000136297.14	0.788812150652567	3.04836626792366e-32	4	10
ENSG00000104967.6	0.788972990718627	2.90381089896067e-32	2	8
ENSG00000128011.4	0.789119973577298	2.77760955270464e-32	2	1
ENSG00000169884.13	0.789264031508461	2.65915186569094e-32	2	1
ENSG00000100441.9	0.789403415860755	2.54926548940225e-32	1	2
ENSG00000112137.17	0.789410693302923	2.54365233977178e-32	8	1
ENSG00000100146.16	0.789501351214664	2.47473642108653e-32	1	2
ENSG00000104067.16	0.789535011277723	2.44961848534792e-32	1	2
ENSG00000160396.8	0.789559521013875	2.43148643846667e-32	2	8
ENSG00000145214.13	0.789604382719112	2.3986390096747e-32	2	8
ENSG00000129990.14	0.789624493197291	2.38405609659231e-32	2	1
ENSG00000165943.4	0.789817582386161	2.24839759074741e-32	2	1
ENSG00000134287.9	0.789945748098587	2.16256894089684e-32	2	8
ENSG00000100321.14	0.789961671330045	2.15213297055667e-32	2	1
ENSG00000079739.15	0.790000145995343	2.12712065589442e-32	4	10
ENSG00000171533.11	0.790059194383303	2.08928770188573e-32	2	1
ENSG00000158445.9	0.79006346689637	2.086576039045e-32	2	8
ENSG00000105088.8	0.790070806486247	2.08192584182829e-32	4	10
ENSG00000176454.13	0.790076051168487	2.07860916694901e-32	2	1
ENSG00000171798.17	0.790194163739059	2.0052755039508e-32	2	8
ENSG00000159086.14	0.79032718986133	1.9257222582624e-32	1	2
ENSG00000148180.19	0.790348271268259	1.91340284159289e-32	1	2
ENSG00000158008.9	0.790375206171703	1.8977753654885e-32	8	1
ENSG00000106537.7	0.79037665584107	1.89693783986829e-32	2	1
ENSG00000143409.15	0.79042894975169	1.8669673109069e-32	1	2
ENSG00000204442.3	0.790479952532044	1.83818489561097e-32	2	1
ENSG00000104412.7	0.790579004883935	1.78352618867665e-32	1	2
ENSG00000119698.11	0.790621148911047	1.76075742368367e-32	2	8
ENSG00000116574.5	0.790736974738942	1.69964148038459e-32	1	2
ENSG00000161509.13	0.790881142936864	1.62647484514497e-32	4	10
ENSG00000138760.9	0.790911278247453	1.61157645899175e-32	1	2
ENSG00000101367.8	0.791046575666778	1.54632276808572e-32	1	2
ENSG00000073417.14	0.79107991628802	1.53064543695298e-32	1	2
ENSG00000134222.16	0.791102376773858	1.52017224391691e-32	1	9
ENSG00000187189.10	0.791186343076908	1.48163893653531e-32	2	1
ENSG00000078053.16	0.791302760309695	1.4297961737084e-32	2	1
ENSG00000140280.13	0.791368344361899	1.40137930182501e-32	2	1
ENSG00000139767.8	0.791440073999734	1.37093454302865e-32	2	8
ENSG00000123124.13	0.791504669773552	1.34407416376351e-32	1	6
ENSG00000168522.12	0.791707448049615	1.26306851368976e-32	1	8
ENSG00000175130.6	0.791772768442542	1.23801033960314e-32	1	2
ENSG00000109618.11	0.791860143838935	1.20525342487724e-32	1	2
ENSG00000184524.5	0.791974062192089	1.16382128994634e-32	2	1
ENSG00000107147.12	0.791990921871463	1.15780946458872e-32	2	1
ENSG00000099814.15	0.791992853621907	1.15712259149378e-32	8	2
ENSG00000253368.3	0.792008221887913	1.15167233080451e-32	2	8
ENSG00000196368.4	0.79208395200611	1.12518119937954e-32	2	1
ENSG00000115183.14	0.792105280942742	1.11782876994511e-32	1	9
ENSG00000167654.17	0.792138861876528	1.106348403887e-32	2	1
ENSG00000198915.11	0.79220996028167	1.08242267873765e-32	8	1
ENSG00000198483.12	0.792438072374713	1.009039094202e-32	4	10
ENSG00000116983.12	0.792564156046224	9.70598378496377e-33	8	1
ENSG00000137269.14	0.792705862229108	9.29109863711075e-33	1	2
ENSG00000080200.9	0.792713403537288	9.26951432160692e-33	1	2
ENSG00000171606.17	0.792766919502592	9.11775230532729e-33	1	2
ENSG00000077080.9	0.792811974806158	8.99187753799064e-33	2	8
ENSG00000139405.15	0.792984367473796	8.52581596047973e-33	8	1
ENSG00000109158.10	0.793130870713617	8.14845978597899e-33	2	1
ENSG00000124313.13	0.793244431311549	7.86728730419899e-33	8	1
ENSG00000175182.14	0.793298247413129	7.73739007031576e-33	2	8
ENSG00000061936.9	0.793328767038656	7.66466260422079e-33	1	12
ENSG00000226137.5	0.793358354490457	7.59479762141257e-33	2	8
ENSG00000155252.13	0.793682129641388	6.86997695725466e-33	2	1
ENSG00000137776.16	0.793781136378055	6.66222498486945e-33	1	2
ENSG00000129757.12	0.79382151544466	6.57927789828573e-33	1	10
ENSG00000153815.16	0.79383028252013	6.56140295911834e-33	2	8
ENSG00000172209.5	0.793919179658282	6.38282582961695e-33	2	1
ENSG00000186377.7	0.793925781122713	6.36975683051114e-33	2	1
ENSG00000213064.9	0.793941773081851	6.33820621120036e-33	1	9
ENSG00000169258.6	0.793956404291723	6.30947470980607e-33	2	1
ENSG00000170085.17	0.794041671921522	6.14456099111109e-33	2	1
ENSG00000116254.17	0.794229005738321	5.79696977402037e-33	8	1
ENSG00000174684.6	0.794283380822044	5.69974674574937e-33	2	1
ENSG00000075539.13	0.794311859793759	5.64946705809321e-33	1	2
ENSG00000007264.14	0.794351784239432	5.57971308844305e-33	8	2
ENSG00000261292.2	0.794378117702806	5.53416831483937e-33	2	1
ENSG00000060709.14	0.794407597800234	5.48361444206339e-33	2	8
ENSG00000169884.13	0.794469334803256	5.37920999331053e-33	2	8
ENSG00000261292.2	0.794581445374632	5.19458664868104e-33	2	8
ENSG00000168887.10	0.794681951247178	5.03437408888788e-33	1	2
ENSG00000073969.18	0.794698938819578	5.00777861700376e-33	2	1
ENSG00000102385.12	0.79482225839242	4.81880525623635e-33	2	1
ENSG00000102572.14	0.795013477675663	4.53955034651566e-33	2	1
ENSG00000119698.11	0.795122780760417	4.38713066639179e-33	2	1
ENSG00000186862.17	0.795295440989521	4.15654487181693e-33	2	1
ENSG00000023171.16	0.795332254520084	4.10894290323467e-33	2	8
ENSG00000107147.12	0.795445377695855	3.96599422045583e-33	2	8
ENSG00000032389.12	0.795467126129842	3.93907702760598e-33	2	1
ENSG00000058091.16	0.795479302641977	3.9240850732426e-33	2	1
ENSG00000185658.13	0.795519669827517	3.8747839933142e-33	2	1
ENSG00000168795.4	0.795648743427424	3.72119196661615e-33	1	2
ENSG00000070476.14	0.795671128951784	3.69516962936946e-33	1	12
ENSG00000135127.11	0.795773976630461	3.57789192755091e-33	2	8
ENSG00000185278.15	0.795815057354378	3.532076144447e-33	1	2
ENSG00000185591.9	0.795918543250332	3.41920111413606e-33	1	2
ENSG00000133627.17	0.796190731477271	3.13895996277789e-33	2	8
ENSG00000099814.15	0.796200981809114	3.12885950445896e-33	8	1
ENSG00000156959.8	0.796247379801629	3.08353778310772e-33	2	1
ENSG00000134780.9	0.796248120472911	3.08281954739083e-33	2	8
ENSG00000136147.17	0.796322937438082	3.01110920580036e-33	1	2
ENSG00000232859.9	0.796606974438577	2.75348095001634e-33	8	1
ENSG00000167778.8	0.796716043605254	2.66041610678886e-33	2	8
ENSG00000110076.18	0.796785565056625	2.60271569204844e-33	2	8
ENSG00000164588.6	0.796786699431856	2.60178446664586e-33	2	1
ENSG00000205090.8	0.797006055934483	2.42772810926531e-33	2	8
ENSG00000106367.13	0.7971017941248	2.35539558916128e-33	2	8
ENSG00000081154.11	0.797331579655739	2.19031380793775e-33	1	6
ENSG00000172782.11	0.7975450929763	2.0471379504305e-33	2	9
ENSG00000172005.10	0.797583952076448	2.02208771606694e-33	1	2
ENSG00000114923.16	0.797627267478149	1.99451955544193e-33	8	1
ENSG00000178234.12	0.797680356039143	1.96123441758307e-33	2	1
ENSG00000213585.10	0.797758474421576	1.91324617449023e-33	2	1
ENSG00000131013.3	0.797789322334012	1.89461558174284e-33	1	8
ENSG00000166681.13	0.797867778667095	1.84803113872635e-33	2	1
ENSG00000198315.10	0.7979182240996	1.81867476653554e-33	1	2
ENSG00000135473.14	0.797955139341039	1.79748293793053e-33	1	12
ENSG00000176182.5	0.797968250684852	1.79001467540275e-33	8	2
ENSG00000113658.16	0.798003236583416	1.77023545573297e-33	1	2
ENSG00000196972.8	0.798061904021547	1.73754870041132e-33	8	1
ENSG00000100320.22	0.798072988884915	1.73143966997465e-33	2	1
ENSG00000162174.12	0.79821593965248	1.65452280440605e-33	4	10
ENSG00000165819.11	0.798327952510526	1.59660722509267e-33	1	12
ENSG00000171798.17	0.798389314654352	1.56572946075784e-33	2	1
ENSG00000123352.17	0.79841796089745	1.55151610150887e-33	2	1
ENSG00000114439.18	0.798419693965374	1.55066028579073e-33	1	2
ENSG00000109339.19	0.798514793900063	1.50440261085643e-33	2	1
ENSG00000102678.6	0.798633680620771	1.44847765760418e-33	2	1
ENSG00000105767.2	0.798660655906477	1.43607545643472e-33	1	2
ENSG00000181754.6	0.798771499510811	1.38619960486113e-33	2	1
ENSG00000124222.22	0.798853270494546	1.35050002300723e-33	1	12
ENSG00000144406.18	0.798906565547068	1.32772024119409e-33	2	8
ENSG00000134072.10	0.798920604206508	1.32178280884977e-33	2	1
ENSG00000152969.17	0.799070275346358	1.26008089186307e-33	2	8
ENSG00000167702.11	0.799135787098473	1.23397233733984e-33	8	2
ENSG00000152495.10	0.799207639922465	1.20594753684943e-33	2	1
ENSG00000205339.9	0.79930198981745	1.1700959027735e-33	1	6
ENSG00000273032.1	0.79941462588532	1.12866499971908e-33	2	1
ENSG00000183049.12	0.799587025286749	1.06802701832329e-33	2	8
ENSG00000106261.16	0.799635597127254	1.05152860396139e-33	1	2
ENSG00000168546.10	0.799714002728097	1.0254233262214e-33	2	1
ENSG00000065989.15	0.799761255452986	1.00999903514362e-33	2	8
ENSG00000186642.15	0.799767999764815	1.00781621783283e-33	8	1
ENSG00000103978.15	0.799810944328113	9.94025380084769e-34	1	2
ENSG00000127220.5	0.799854488633404	9.80231263416612e-34	8	2
ENSG00000165434.7	0.800073261836387	9.1372327227465e-34	2	1
ENSG00000168135.4	0.800118359866739	9.00574894523303e-34	2	1
ENSG00000185924.6	0.800194642888602	8.78756341496186e-34	2	1
ENSG00000137267.5	0.800303414360011	8.48540911751773e-34	2	1
ENSG00000182013.17	0.800380321349037	8.27795378918511e-34	2	1
ENSG00000160445.10	0.800414967348254	8.18613246662302e-34	2	8
ENSG00000204138.12	0.80047943763119	8.01792422603147e-34	1	2
ENSG00000186469.8	0.800699061909919	7.46999780982405e-34	2	1
ENSG00000111218.11	0.800726837138558	7.40337857783307e-34	2	1
ENSG00000130787.13	0.800733747115989	7.38689578442132e-34	1	12
ENSG00000151948.11	0.800905365099035	6.98889657320121e-34	2	8
ENSG00000171435.13	0.800950416930444	6.88795686264569e-34	2	1
ENSG00000143164.15	0.801001815582377	6.77454526937878e-34	2	1
ENSG00000179915.22	0.801108902081616	6.54411825019016e-34	2	10
ENSG00000172888.11	0.801157243902638	6.44263640496749e-34	1	2
ENSG00000240849.10	0.801208340021913	6.33705318920701e-34	1	10
ENSG00000150867.13	0.801256978090764	6.23812920826767e-34	1	2
ENSG00000159199.13	0.801285627729608	6.18057093704754e-34	2	1
ENSG00000124140.13	0.801364918419075	6.02397904135578e-34	2	8
ENSG00000181215.14	0.801472890565026	5.81699544750156e-34	2	8
ENSG00000104904.12	0.801538624069994	5.69442231196002e-34	2	1
ENSG00000114923.16	0.801682311201553	5.43525657776786e-34	8	2
ENSG00000184743.12	0.801705602115355	5.39435314125734e-34	1	2
ENSG00000112137.17	0.801752378434022	5.31311612938417e-34	8	2
ENSG00000109099.13	0.801942384260832	4.99530826487204e-34	1	2
ENSG00000147676.13	0.801975226451374	4.94230171958433e-34	2	1
ENSG00000108669.16	0.802224220058165	4.55801213306504e-34	1	2
ENSG00000271614.1	0.802270393301719	4.49004892991475e-34	2	8
ENSG00000164199.16	0.802285535341982	4.46797863144028e-34	4	10
ENSG00000055163.19	0.80252897971219	4.1274348711855e-34	2	1
ENSG00000175264.7	0.802529658516484	4.12652192715864e-34	2	1
ENSG00000107672.14	0.802578822321859	4.06092491069994e-34	1	2
ENSG00000111275.12	0.802626060586899	3.99886254887862e-34	4	10
ENSG00000130540.13	0.802646476941288	3.97232850976863e-34	2	8
ENSG00000182158.14	0.802758170063726	3.83019981502775e-34	1	2
ENSG00000129159.7	0.802933268145818	3.61738406866913e-34	2	1
ENSG00000125841.12	0.80311194257697	3.41220407130241e-34	2	1
ENSG00000180370.10	0.803209954756129	3.30455415091428e-34	1	2
ENSG00000215218.3	0.803337650407447	3.16929451129227e-34	2	8
ENSG00000055163.19	0.803540591862441	2.96544367506069e-34	2	8
ENSG00000169504.14	0.803689606197241	2.82401898333418e-34	1	2
ENSG00000158301.18	0.80373155860871	2.78541314112552e-34	2	1
ENSG00000121749.15	0.803756192791786	2.76298615907028e-34	1	8
ENSG00000124507.10	0.803775419249927	2.74560572470301e-34	8	2
ENSG00000081377.16	0.803999396132258	2.5508807008857e-34	1	2
ENSG00000177679.15	0.804159205225487	2.4203032048422e-34	2	1
ENSG00000171160.17	0.804177327187471	2.40591717795839e-34	2	8
ENSG00000184515.10	0.804286785682029	2.3207933418058e-34	2	1
ENSG00000183773.15	0.804436160096923	2.20938490441494e-34	4	10
ENSG00000102158.19	0.804456508689789	2.19462078270459e-34	1	2
ENSG00000117598.11	0.804469105444504	2.18552970439085e-34	2	1
ENSG00000162706.12	0.804882348812814	1.90696570476063e-34	2	1
ENSG00000167654.17	0.804946814487234	1.86677852730595e-34	2	8
ENSG00000135638.13	0.805007073145882	1.82996695406741e-34	2	8
ENSG00000150093.18	0.805010730725505	1.82775566972352e-34	1	2
ENSG00000204588.5	0.805041811490956	1.80907062188775e-34	2	1
ENSG00000116489.12	0.805215948480591	1.70780321647427e-34	1	8
ENSG00000103723.12	0.80541576103555	1.59845450662956e-34	2	1
ENSG00000170500.12	0.805537253958051	1.53536123543873e-34	2	1
ENSG00000161082.12	0.805656424353415	1.47585339832823e-34	8	1
ENSG00000151923.17	0.805685984566363	1.46144682967046e-34	1	2
ENSG00000123360.11	0.80582854050041	1.39388732875535e-34	2	1
ENSG00000183785.14	0.805906180949187	1.35839293881372e-34	2	1
ENSG00000131503.20	0.805929049331578	1.34810871259318e-34	1	2
ENSG00000106367.13	0.805965497504092	1.33187538610503e-34	2	1
ENSG00000104957.13	0.806020013534725	1.30795282186912e-34	1	12
ENSG00000155265.10	0.806200592468931	1.23168778605669e-34	8	1
ENSG00000135638.13	0.806208410533291	1.22848653551912e-34	2	1
ENSG00000078902.15	0.806226532664175	1.22109749809975e-34	2	1
ENSG00000215218.3	0.806230894062996	1.21932573001086e-34	2	1
ENSG00000135454.13	0.806324745439795	1.18180585024671e-34	2	1
ENSG00000196465.10	0.806373892086287	1.16261295911516e-34	8	1
ENSG00000100201.20	0.806467671242711	1.12683597259408e-34	1	12
ENSG00000122435.9	0.806496990647248	1.11587415870549e-34	1	2
ENSG00000109103.11	0.806542678374211	1.09900113341317e-34	2	1
ENSG00000077152.9	0.806550145319555	1.0962674373899e-34	2	1
ENSG00000242173.8	0.806559083223186	1.09300399809894e-34	2	1
ENSG00000172350.9	0.806576540076281	1.08665759287056e-34	2	8
ENSG00000221914.9	0.806577938490273	1.08615077135041e-34	1	8
ENSG00000198794.11	0.806644415510004	1.06232385809674e-34	2	8
ENSG00000158856.17	0.806960167285573	9.55983320382065e-35	8	2
ENSG00000171492.14	0.806961636750624	9.55513747405116e-35	1	10
ENSG00000042753.11	0.806965198019252	9.54376670811086e-35	2	1
ENSG00000182218.9	0.807090168327913	9.15305974617368e-35	4	10
ENSG00000113269.13	0.807101519192419	9.11836103655499e-35	1	2
ENSG00000139970.16	0.807185940951311	8.86431411077409e-35	2	1
ENSG00000166348.18	0.807289350527521	8.56258987174634e-35	1	2
ENSG00000142686.7	0.807308288418403	8.50843746271701e-35	2	1
ENSG00000172020.12	0.807411232381079	8.21990575342938e-35	2	1
ENSG00000164885.12	0.80769885500015	7.46374744587729e-35	2	1
ENSG00000241973.10	0.807705719602531	7.44656220365128e-35	2	8
ENSG00000188981.10	0.807729709792269	7.38680857981209e-35	8	1
ENSG00000179796.11	0.807807423023827	7.19646084961295e-35	4	10
ENSG00000221823.10	0.80785177423779	7.08999754826355e-35	2	1
ENSG00000176244.6	0.808004340307038	6.73545310973172e-35	4	10
ENSG00000084731.14	0.808142005704088	6.43052416623703e-35	8	2
ENSG00000132932.16	0.808307935730712	6.08097615373848e-35	2	1
ENSG00000110427.14	0.808349931623384	5.99551064456442e-35	2	1
ENSG00000178171.10	0.808352497989392	5.99032629235465e-35	2	1
ENSG00000188981.10	0.808386022717735	5.92300576403477e-35	8	2
ENSG00000204851.6	0.808406277139615	5.88269396731563e-35	2	1
ENSG00000136928.6	0.808428755698436	5.8382711029768e-35	2	1
ENSG00000237289.9	0.80848572402027	5.72715932738004e-35	2	1
ENSG00000164111.14	0.808515927072058	5.66909642028288e-35	1	2
ENSG00000053372.4	0.808658292839618	5.40310601982974e-35	8	1
ENSG00000154473.17	0.808876643437639	5.01880142881082e-35	1	8
ENSG00000127445.13	0.808957246435189	4.88383420795865e-35	2	1
ENSG00000101210.10	0.809051635583672	4.73031138011635e-35	2	8
ENSG00000069424.14	0.809101324713191	4.65140808897025e-35	8	2
ENSG00000271614.1	0.809108739264296	4.63974566260657e-35	2	1
ENSG00000166111.9	0.809236731541864	4.44289542134741e-35	2	8
ENSG00000132716.18	0.80927824342708	4.38083103128855e-35	1	12
ENSG00000067715.13	0.809372322901845	4.24330884146629e-35	2	1
ENSG00000143442.21	0.809459385271825	4.11982809425985e-35	1	12
ENSG00000163618.17	0.80950819149141	4.0521577805643e-35	2	1
ENSG00000183049.12	0.809795110728214	3.67586932043286e-35	2	1
ENSG00000078246.16	0.809827412298562	3.63572011042202e-35	1	2
ENSG00000157214.13	0.80994415216199	3.49417889813963e-35	2	1
ENSG00000006740.16	0.810082710066083	3.33319949771371e-35	2	8
ENSG00000084764.10	0.81009193365239	3.32274592530086e-35	2	1
ENSG00000277586.2	0.81063900554863	2.75709260665997e-35	2	1
ENSG00000135423.12	0.810898415887793	2.52306847224259e-35	2	1
ENSG00000149926.13	0.810903035565163	2.51908300846681e-35	8	1
ENSG00000055211.12	0.810927059027021	2.49845713289573e-35	1	2
ENSG00000078328.19	0.81093343234869	2.49301308696387e-35	2	1
ENSG00000151490.13	0.81095192738012	2.47728067122305e-35	2	1
ENSG00000067606.16	0.811027610387859	2.41391263580884e-35	8	2
ENSG00000198934.4	0.811072912312631	2.37674706275876e-35	2	1
ENSG00000076928.17	0.811085025044982	2.36690545403216e-35	1	2
ENSG00000109920.12	0.811154284855443	2.31139612371563e-35	1	12
ENSG00000166780.10	0.811201034007998	2.27465351756153e-35	2	1
ENSG00000107872.12	0.811282414121763	2.21205694881076e-35	8	1
ENSG00000189067.12	0.811738499377383	1.89133401912787e-35	1	2
ENSG00000166963.12	0.811784149175053	1.86186882545256e-35	8	2
ENSG00000152932.7	0.8118512487256	1.8193757234486e-35	2	1
ENSG00000104435.13	0.812072891508574	1.68567463692457e-35	2	1
ENSG00000061918.12	0.812240454422026	1.59105091311644e-35	2	1
ENSG00000078549.14	0.812249890818613	1.58588025038982e-35	4	10
ENSG00000176490.4	0.812259738207452	1.58050199207164e-35	2	1
ENSG00000213424.8	0.81226246240169	1.5790173115036e-35	2	1
ENSG00000141098.12	0.812342865732449	1.53580952302683e-35	2	1
ENSG00000177380.13	0.812349663812866	1.53221004566138e-35	8	2
ENSG00000172731.13	0.812412382565377	1.49939009571874e-35	8	2
ENSG00000168522.12	0.812430888176346	1.4898390207205e-35	1	2
ENSG00000164061.4	0.812481510570139	1.46401631242411e-35	2	8
ENSG00000148334.14	0.812508430753356	1.45046386467115e-35	8	2
ENSG00000112531.16	0.812622237902828	1.39451928530276e-35	1	2
ENSG00000065609.14	0.812731463081022	1.34282349355946e-35	2	1
ENSG00000119946.10	0.812835908903271	1.2951532114084e-35	2	1
ENSG00000188352.12	0.812867876697125	1.2808980118672e-35	2	1
ENSG00000100167.19	0.81302614746362	1.21256152512086e-35	8	1
ENSG00000157219.3	0.813118996684014	1.17415306723675e-35	2	1
ENSG00000124313.13	0.813164554044282	1.15574734229546e-35	8	2
ENSG00000023171.16	0.813184715664357	1.14769258797682e-35	2	1
ENSG00000105393.15	0.813223055438148	1.13252739500071e-35	2	1
ENSG00000131089.15	0.813224845508025	1.13182417013198e-35	2	1
ENSG00000167702.11	0.813280244707747	1.11027158979365e-35	8	1
ENSG00000104205.12	0.813327808736216	1.09208938235741e-35	1	2
ENSG00000155265.10	0.813513687577864	1.02379802815045e-35	8	2
ENSG00000160679.12	0.813639344083302	9.80027996907923e-36	1	8
ENSG00000132842.13	0.813883976612482	9.00024876080418e-36	1	2
ENSG00000166206.14	0.813987335829767	8.68184647417648e-36	2	1
ENSG00000110148.9	0.814129834144855	8.26095735628231e-36	2	1
ENSG00000147509.13	0.814141499641177	8.2274033771834e-36	4	10
ENSG00000064961.18	0.81437153023168	7.59245909956416e-36	1	2
ENSG00000136717.14	0.814511449435519	7.23006700539762e-36	1	10
ENSG00000161682.14	0.814769126433915	6.606617755351e-36	8	2
ENSG00000164300.16	0.814776308291613	6.59002054000258e-36	1	2
ENSG00000121749.15	0.81528637116398	5.51037219878672e-36	1	2
ENSG00000065978.18	0.815322027635384	5.44176571552306e-36	1	2
ENSG00000102125.15	0.815459188367265	5.18559336420412e-36	1	12
ENSG00000028528.14	0.815473619538453	5.15933973670545e-36	1	2
ENSG00000167281.18	0.815519935967793	5.07595874878105e-36	2	8
ENSG00000082458.11	0.815595088241423	4.94347542476861e-36	2	8
ENSG00000078725.12	0.816030319078781	4.2404480217569e-36	2	1
ENSG00000125844.15	0.816240428196855	3.93719773404996e-36	1	2
ENSG00000108055.9	0.816412177443676	3.70523130809561e-36	1	2
ENSG00000169871.12	0.816415522070234	3.70085003752447e-36	1	2
ENSG00000143847.15	0.816421099914249	3.69355470204442e-36	2	8
ENSG00000177875.4	0.816439500790458	3.66958802846548e-36	2	1
ENSG00000158805.11	0.816587155324313	3.48272560101126e-36	1	12
ENSG00000171160.17	0.816617389352576	3.4456331647391e-36	2	1
ENSG00000124194.16	0.816642865929426	3.41467900971455e-36	2	8
ENSG00000134504.12	0.816658960723988	3.39526479491716e-36	2	1
ENSG00000188191.14	0.816694501595879	3.35277735083148e-36	2	8
ENSG00000076513.16	0.81682803899105	3.19775892536772e-36	1	2
ENSG00000168032.8	0.816876116460649	3.14369032662524e-36	2	9
ENSG00000129990.14	0.817019371370793	2.9878552022749e-36	2	8
ENSG00000099331.13	0.817023502490091	2.98347581012123e-36	1	2
ENSG00000068903.19	0.817168187709348	2.83401177184011e-36	1	2
ENSG00000170579.16	0.817351021649061	2.65562791106156e-36	2	8
ENSG00000141458.12	0.817415187075079	2.59567838574014e-36	1	2
ENSG00000164889.13	0.817513277161637	2.50659499810609e-36	1	2
ENSG00000106976.20	0.817542598165851	2.48055452775842e-36	2	1
ENSG00000139405.15	0.817549827405702	2.47417508804531e-36	8	2
ENSG00000179399.14	0.81771249839675	2.3348148899247e-36	4	10
ENSG00000159658.10	0.817993863370028	2.1117564869704e-36	1	2
ENSG00000198915.11	0.818089489258072	2.04082452924514e-36	8	2
ENSG00000100167.19	0.818172275831815	1.981311288821e-36	8	2
ENSG00000119771.14	0.818196793814189	1.96401564159832e-36	2	8
ENSG00000129422.14	0.818382564221097	1.83770229255085e-36	1	2
ENSG00000143149.12	0.818500891938807	1.7614452200045e-36	4	7
ENSG00000205363.5	0.818813605658444	1.57456842590745e-36	8	1
ENSG00000135631.16	0.818967983130099	1.48964026120283e-36	8	1
ENSG00000197457.9	0.819036349421307	1.45348363961941e-36	2	1
ENSG00000004660.14	0.81924347340782	1.34912682931177e-36	2	1
ENSG00000198794.11	0.819294185988548	1.32471982561348e-36	2	1
ENSG00000116254.17	0.819311762851315	1.31636210697415e-36	8	2
ENSG00000156256.14	0.81942898608108	1.26193330804496e-36	1	2
ENSG00000197442.9	0.819446544714861	1.25397333365154e-36	4	10
ENSG00000119950.20	0.819577093093714	1.19631846933329e-36	1	2
ENSG00000167371.17	0.819644352038787	1.16763965832277e-36	2	1
ENSG00000188859.6	0.820141301492421	9.75689807602408e-37	8	1
ENSG00000196872.11	0.820347478745907	9.05485010519948e-37	2	1
ENSG00000272031.2	0.820394380919469	8.90221384818327e-37	2	8
ENSG00000011332.19	0.820413481805445	8.84078001863197e-37	8	2
ENSG00000040933.15	0.820446915875424	8.73424809949337e-37	2	1
ENSG00000176410.7	0.820512971874022	8.52746763363697e-37	2	1
ENSG00000019144.18	0.82058396605089	8.31059246367528e-37	1	2
ENSG00000160014.16	0.820767123021066	7.77580107230274e-37	8	1
ENSG00000130159.13	0.820903512840615	7.39967832028978e-37	2	1
ENSG00000175416.12	0.820958939065042	7.25199165935344e-37	2	1
ENSG00000136950.13	0.820989442999536	7.17195200278318e-37	2	1
ENSG00000177370.4	0.820999635493505	7.14540181604568e-37	2	1
ENSG00000137076.20	0.821084445153228	6.92819701323723e-37	1	2
ENSG00000078018.19	0.82113590715915	6.79957599018643e-37	2	1
ENSG00000114279.13	0.821172176067313	6.71034052745785e-37	2	9
ENSG00000184156.16	0.821364336674023	6.25641533672437e-37	2	8
ENSG00000116983.12	0.821529520992864	5.89044014752848e-37	8	2
ENSG00000184014.7	0.821715672550253	5.50319264235832e-37	1	2
ENSG00000145428.14	0.822060078494169	4.85158687778763e-37	2	1
ENSG00000172731.13	0.822089267506234	4.79998461793858e-37	8	1
ENSG00000142549.9	0.822132424309282	4.72467619105004e-37	2	8
ENSG00000082458.11	0.822255225014295	4.51668584924548e-37	2	1
ENSG00000132563.15	0.82228023332923	4.47544526014726e-37	8	1
ENSG00000162105.17	0.822398124976582	4.28596465787231e-37	8	1
ENSG00000087250.8	0.822422104534765	4.24840010308822e-37	4	10
ENSG00000198010.12	0.822511612691671	4.11102026750627e-37	2	1
ENSG00000188573.7	0.82277613610417	3.7300396867213e-37	2	1
ENSG00000110786.17	0.822992520678783	3.44438202536481e-37	2	1
ENSG00000171385.9	0.823094735003581	3.31703303342132e-37	2	1
ENSG00000151726.13	0.823155774346372	3.24320324144675e-37	1	10
ENSG00000125814.17	0.82362288532601	2.72923135793652e-37	2	1
ENSG00000125841.12	0.823645590710254	2.70640216486802e-37	2	8
ENSG00000132872.11	0.82371256962747	2.64014598400733e-37	2	1
ENSG00000189241.6	0.823914456922481	2.44993433084784e-37	2	1
ENSG00000124702.17	0.823962546085238	2.40665151277198e-37	2	8
ENSG00000105649.9	0.824001146658229	2.37245351657937e-37	2	1
ENSG00000162065.12	0.824216074824194	2.19059473499847e-37	2	1
ENSG00000127824.13	0.824418106686592	2.03217738954408e-37	2	1
ENSG00000165238.16	0.824479190945602	1.98653706010045e-37	8	1
ENSG00000139182.13	0.824527453154044	1.95119086218143e-37	2	1
ENSG00000110756.17	0.824630317312461	1.87790555961895e-37	1	2
ENSG00000140854.12	0.824754981364018	1.79270844572814e-37	8	1
ENSG00000130822.15	0.824843161760884	1.73475073672755e-37	2	8
ENSG00000135127.11	0.824886979062222	1.70664025993936e-37	2	1
ENSG00000149575.5	0.824924558923895	1.68288838733522e-37	2	1
ENSG00000011347.9	0.825089216721547	1.58259267634065e-37	2	1
ENSG00000141380.13	0.825245559250204	1.49281084790747e-37	1	2
ENSG00000109472.13	0.825405369033121	1.40621527652036e-37	4	10
ENSG00000257103.8	0.825518763434744	1.34778505454157e-37	1	2
ENSG00000110675.12	0.825714899986236	1.25230196209574e-37	2	1
ENSG00000155093.17	0.825783071240593	1.22069789072414e-37	8	1
ENSG00000188343.12	0.825823140653741	1.20248902240183e-37	2	1
ENSG00000133424.20	0.825988729123044	1.13003011132582e-37	8	2
ENSG00000006740.16	0.826064216339638	1.09843925009851e-37	2	1
ENSG00000125966.9	0.826115838915131	1.07733708117018e-37	2	1
ENSG00000104888.9	0.826170014065772	1.05562003072182e-37	2	8
ENSG00000075340.22	0.826385491128938	9.73421832782283e-38	2	8
ENSG00000089818.17	0.826394653165277	9.70069908155076e-38	2	1
ENSG00000179335.18	0.826425062264984	9.59025878550494e-38	1	12
ENSG00000235961.5	0.826667604925477	8.75252578392289e-38	2	1
ENSG00000133134.11	0.826844969425642	8.18587481965058e-38	2	1
ENSG00000166924.8	0.827068185133353	7.52376478779682e-38	8	1
ENSG00000140575.12	0.82709578813914	7.44563745882633e-38	1	2
ENSG00000129933.20	0.827150136340052	7.29413453734285e-38	1	12
ENSG00000172350.9	0.827162571226105	7.25989894218492e-38	2	1
ENSG00000109381.19	0.827247768287793	7.02954688853141e-38	1	2
ENSG00000139767.8	0.827271513331157	6.96663664236205e-38	2	1
ENSG00000104529.17	0.827284421433075	6.93267039745029e-38	1	2
ENSG00000143418.19	0.827326802472605	6.82229007226506e-38	1	2
ENSG00000166924.8	0.827624625741815	6.09387899629953e-38	8	2
ENSG00000164050.12	0.827627454840812	6.0873401041252e-38	1	2
ENSG00000183837.9	0.827674471556751	5.97967483428957e-38	2	1
ENSG00000006432.15	0.827693362914795	5.93694398277175e-38	2	8
ENSG00000144406.18	0.827785529879902	5.73273613014545e-38	2	1
ENSG00000158856.17	0.827851380713051	5.59108010145892e-38	8	1
ENSG00000078018.19	0.828198051725202	4.90020629400044e-38	2	8
ENSG00000163704.11	0.828212260050703	4.87375787947196e-38	2	1
ENSG00000116044.15	0.828389280438653	4.55577475562085e-38	1	2
ENSG00000158882.14	0.828390600866652	4.55348123232258e-38	8	1
ENSG00000277200.1	0.828563171240254	4.26330013418449e-38	8	1
ENSG00000077264.14	0.828823318062162	3.85989121402264e-38	2	8
ENSG00000129682.15	0.828902396177027	3.74487899833075e-38	2	8
ENSG00000079691.17	0.828954459484923	3.67100366419118e-38	4	10
ENSG00000121742.16	0.82896335078448	3.65853137254471e-38	4	10
ENSG00000134504.12	0.82908427017548	3.49299072940145e-38	2	8
ENSG00000162188.5	0.829180710182184	3.36626100782109e-38	2	1
ENSG00000213023.10	0.8292451566101	3.28410432402497e-38	8	1
ENSG00000100294.12	0.829336559667151	3.1709537543804e-38	2	1
ENSG00000101746.15	0.829445218090562	3.04142070122786e-38	2	1
ENSG00000008853.16	0.829454827395327	3.03021892623941e-38	8	1
ENSG00000157827.19	0.829515439606213	2.96049091317841e-38	1	2
ENSG00000103034.14	0.829668872024932	2.79095600753733e-38	2	1
ENSG00000011332.19	0.829771623285118	2.68279560121294e-38	8	1
ENSG00000160679.12	0.829786449834006	2.6675326649713e-38	1	2
ENSG00000124226.10	0.829920291974273	2.53355874601908e-38	1	2
ENSG00000161082.12	0.82995897167206	2.49608858569926e-38	8	2
ENSG00000100697.14	0.830005979549158	2.45128347483942e-38	1	2
ENSG00000164061.4	0.830048673001944	2.41127632620184e-38	2	1
ENSG00000166105.15	0.830053866858097	2.40645328314108e-38	2	1
ENSG00000106089.11	0.830493686225763	2.03065703608723e-38	8	2
ENSG00000155093.17	0.830660866140146	1.90349312026837e-38	8	2
ENSG00000184117.11	0.830708179319665	1.8689487539943e-38	2	1
ENSG00000144290.16	0.830796140691573	1.80635654825648e-38	2	1
ENSG00000122733.12	0.83092032651425	1.72148242901784e-38	8	1
ENSG00000084093.16	0.831029061275618	1.6503961983491e-38	1	2
ENSG00000169933.13	0.831053980256185	1.63451620568826e-38	2	1
ENSG00000128656.13	0.831233048863856	1.52473727081544e-38	2	1
ENSG00000162407.8	0.831302893198548	1.48391279680205e-38	4	7
ENSG00000272031.2	0.831563063505194	1.34108267772742e-38	2	1
ENSG00000136518.16	0.831602758380336	1.32051381021059e-38	1	2
ENSG00000167281.18	0.831641047422513	1.30096740689506e-38	2	1
ENSG00000165238.16	0.831797668624789	1.22393176750119e-38	8	2
ENSG00000003756.16	0.832013288762888	1.12516783818722e-38	1	12
ENSG00000161682.14	0.832191465988188	1.04950248596578e-38	8	1
ENSG00000129355.6	0.832237973362902	1.03059033771281e-38	2	8
ENSG00000101938.14	0.832748049382191	8.43938790211014e-39	4	10
ENSG00000085733.15	0.833059360034464	7.46803354148072e-39	1	12
ENSG00000080493.15	0.833196177960498	7.0767302160633e-39	4	10
ENSG00000104419.14	0.833625620657661	5.97488973644356e-39	1	2
ENSG00000104324.15	0.83365332334293	5.90991384501371e-39	1	2
ENSG00000115468.11	0.833701387024994	5.79882609945264e-39	1	2
ENSG00000165752.16	0.833715249341085	5.76716987819464e-39	2	1
ENSG00000166073.10	0.833752078744374	5.68388864890875e-39	2	9
ENSG00000198910.12	0.83381552646678	5.54318061706535e-39	2	1
ENSG00000186642.15	0.833971297335573	5.21209059615124e-39	8	2
ENSG00000162188.5	0.83421018074591	4.7417637292918e-39	2	8
ENSG00000119280.16	0.834367677548704	4.45476884093245e-39	1	2
ENSG00000171450.5	0.834509950377777	4.21024059447149e-39	2	1
ENSG00000134508.12	0.834546732901927	4.14919930205734e-39	4	10
ENSG00000104728.15	0.834555161692701	4.13533457914421e-39	1	2
ENSG00000176463.13	0.834559968625395	4.12744794559148e-39	1	10
ENSG00000122783.16	0.834624929411448	4.02230738054636e-39	1	2
ENSG00000069966.18	0.834735115835171	3.84995753187961e-39	2	9
ENSG00000154146.12	0.834864064079584	3.65746644562814e-39	8	1
ENSG00000205090.8	0.835047418988292	3.39995381460641e-39	2	1
ENSG00000176749.8	0.83512493137882	3.29653124182725e-39	2	1
ENSG00000132639.12	0.83523275910671	3.15778692606539e-39	2	1
ENSG00000188859.6	0.835316488078923	3.05402605032524e-39	8	2
ENSG00000154928.16	0.835439877944087	2.90719820659683e-39	4	10
ENSG00000189159.15	0.835713780996304	2.60562207860396e-39	2	1
ENSG00000260230.2	0.835830156928769	2.48700280297701e-39	2	8
ENSG00000148798.10	0.836140236138854	2.19625694213759e-39	2	1
ENSG00000103269.13	0.836183809625412	2.15817571544844e-39	2	1
ENSG00000115840.13	0.836296910987203	2.06233385033481e-39	2	1
ENSG00000170653.18	0.83638935682302	1.9871142353738e-39	1	2
ENSG00000283183.1	0.836893781551675	1.62180860761987e-39	8	1
ENSG00000135631.16	0.837033721135562	1.53274900526712e-39	8	2
ENSG00000158008.9	0.83706614480262	1.51281047099512e-39	8	2
ENSG00000162433.14	0.837112546050459	1.48471951670613e-39	4	10
ENSG00000223572.9	0.837301239771489	1.37567485760294e-39	2	1
ENSG00000127220.5	0.837437516456902	1.30185796352361e-39	8	1
ENSG00000110436.11	0.837526404906109	1.25582322433364e-39	4	10
ENSG00000158109.14	0.837965998678866	1.05067177607587e-39	8	2
ENSG00000105278.10	0.838078568187517	1.00367660038821e-39	2	1
ENSG00000187239.16	0.838136467950843	9.80316068532763e-40	1	2
ENSG00000157087.17	0.838483511965749	8.51095147097585e-40	2	1
ENSG00000151914.19	0.838567805978316	8.22328930730128e-40	1	2
ENSG00000164076.16	0.838650483811433	7.95043674763955e-40	2	8
ENSG00000102003.10	0.839071884062381	6.69220822849791e-40	2	1
ENSG00000125851.9	0.839218977130973	6.3008858431438e-40	2	1
ENSG00000134775.15	0.839385648173761	5.88462782171194e-40	2	1
ENSG00000112640.14	0.839616401268733	5.35263909863083e-40	2	1
ENSG00000166111.9	0.839679869037874	5.21480533427734e-40	2	1
ENSG00000112333.11	0.840255568779684	4.1137884640384e-40	4	10
ENSG00000130477.15	0.840299981468156	4.03905068765918e-40	2	1
ENSG00000136854.19	0.84078476832927	3.30524966379214e-40	2	1
ENSG00000171224.8	0.840800066006296	3.28436816578036e-40	2	1
ENSG00000147642.16	0.840842792577189	3.22673063409507e-40	2	1
ENSG00000184911.14	0.840998040955271	3.02555413049599e-40	2	1
ENSG00000108797.11	0.841099174495761	2.90119037595789e-40	2	1
ENSG00000166676.14	0.841249512732318	2.72555598356471e-40	2	1
ENSG00000133026.12	0.841332196669082	2.63346066071416e-40	2	1
ENSG00000130540.13	0.841722725627863	2.238219086999e-40	2	1
ENSG00000065989.15	0.842011399699804	1.98415177208814e-40	2	1
ENSG00000189410.11	0.842389793431354	1.69365332776507e-40	2	1
ENSG00000137497.17	0.842441520996098	1.65734169658468e-40	1	12
ENSG00000163032.11	0.842760855401117	1.4495394305316e-40	2	9
ENSG00000140854.12	0.843084084170413	1.26533706202378e-40	8	2
ENSG00000184368.15	0.843192629763052	1.2088018608287e-40	2	1
ENSG00000170419.10	0.843323456104008	1.14395567908228e-40	2	9
ENSG00000186487.17	0.843335463980325	1.13817810427348e-40	2	8
ENSG00000182901.16	0.843800694184831	9.35128150970695e-41	2	1
ENSG00000119865.8	0.844241299762169	7.75874682296087e-41	2	1
ENSG00000128739.21	0.844464682412778	7.05649304489475e-41	2	1
ENSG00000198963.10	0.844591783555701	6.68522908029023e-41	4	10
ENSG00000139998.14	0.84485095229767	5.98671498678919e-41	8	1
ENSG00000156515.21	0.845286717028006	4.9705572466788e-41	2	1
ENSG00000133169.5	0.845452392661664	4.63048142020441e-41	2	1
ENSG00000240694.8	0.845460853268048	4.61374278408893e-41	2	1
ENSG00000185737.12	0.84562295507734	4.30429041996547e-41	2	1
ENSG00000099365.10	0.845921441570042	3.78695924168775e-41	2	1
ENSG00000105613.9	0.845924222830933	3.78243871642576e-41	2	8
ENSG00000130822.15	0.846088666337307	3.52438574955397e-41	2	1
ENSG00000165730.14	0.846449617252473	3.01714827811245e-41	4	10
ENSG00000166912.16	0.846584186505583	2.84702878834451e-41	1	2
ENSG00000072832.14	0.846868321176142	2.51822133221588e-41	2	1
ENSG00000188191.14	0.846879732657528	2.5058269358081e-41	2	1
ENSG00000160753.15	0.846905577046351	2.47797784439653e-41	2	1
ENSG00000162105.17	0.847157358577713	2.22210774185007e-41	8	2
ENSG00000168159.11	0.847208823144746	2.17310047582623e-41	2	1
ENSG00000048740.18	0.847229238695892	2.15395556861555e-41	2	1
ENSG00000136451.8	0.847347653023904	2.0461387951965e-41	1	2
ENSG00000144583.4	0.847466182397533	1.94353697853992e-41	8	2
ENSG00000213760.10	0.847710458362854	1.74778441670775e-41	2	1
ENSG00000241468.7	0.847738219616039	1.72680402045357e-41	2	1
ENSG00000113327.15	0.847828795706736	1.66005941273692e-41	2	1
ENSG00000197444.9	0.848027008794248	1.52272425963524e-41	2	1
ENSG00000171450.5	0.848082444785648	1.48635681493644e-41	2	8
ENSG00000167778.8	0.848090745554177	1.48098534316741e-41	2	1
ENSG00000241973.10	0.848502018776795	1.23745720357642e-41	2	1
ENSG00000067191.15	0.84903532759922	9.79520102539179e-42	2	1
ENSG00000128524.4	0.849043059403152	9.76199771539379e-42	2	1
ENSG00000134873.9	0.849044757553377	9.7547200512706e-42	4	10
ENSG00000067191.15	0.849102754829849	9.5093424124316e-42	2	8
ENSG00000176165.10	0.849273384885785	8.82209808640392e-42	2	1
ENSG00000060709.14	0.849304163418347	8.70344139713495e-42	2	1
ENSG00000143740.14	0.849702348546564	7.30282712012448e-42	8	1
ENSG00000172466.15	0.849777250579792	7.06533090286375e-42	1	2
ENSG00000158445.9	0.849799991028573	6.99474164143057e-42	2	1
ENSG00000126777.17	0.849896047762468	6.70414456785909e-42	1	2
ENSG00000107282.7	0.850188135568813	5.89152384552644e-42	2	8
ENSG00000143847.15	0.850381752018829	5.40709850229092e-42	2	1
ENSG00000067560.10	0.850736851919909	4.6183288233173e-42	1	2
ENSG00000134287.9	0.850801411314279	4.48761671130127e-42	2	1
ENSG00000006432.15	0.850883397058799	4.32685579048902e-42	2	1
ENSG00000144040.12	0.851243435785862	3.68539476085358e-42	4	10
ENSG00000158195.10	0.851438087978003	3.37855362734965e-42	1	2
ENSG00000196972.8	0.851637845523762	3.08980645289021e-42	8	2
ENSG00000213190.3	0.851663290296415	3.05481535945453e-42	2	1
ENSG00000148334.14	0.852310144782362	2.2852232315387e-42	8	1
ENSG00000105613.9	0.853564444889713	1.2964973363627e-42	2	1
ENSG00000149926.13	0.853732075946197	1.20143422271509e-42	8	2
ENSG00000077264.14	0.853879077492747	1.12373610134842e-42	2	1
ENSG00000138028.15	0.85424662115908	9.50446946503763e-43	2	1
ENSG00000119771.14	0.854311106767402	9.22880906298373e-43	2	1
ENSG00000130477.15	0.854380182240308	8.94225009925834e-43	2	8
ENSG00000141622.13	0.854528346512954	8.35678873567179e-43	8	1
ENSG00000151948.11	0.854720864328567	7.65209007329535e-43	2	1
ENSG00000161021.11	0.855004988609027	6.71760862400715e-43	1	12
ENSG00000154146.12	0.855090657735942	6.45855612319759e-43	8	2
ENSG00000130287.13	0.855617012647631	5.06941676871775e-43	4	10
ENSG00000132359.14	0.855760437528475	4.74489035563304e-43	2	1
ENSG00000132938.19	0.855788130234417	4.68462699691501e-43	8	1
ENSG00000132879.13	0.856236700470426	3.80710336365921e-43	2	1
ENSG00000277200.1	0.856458293001263	3.4354399187217e-43	8	2
ENSG00000124126.13	0.856644803072217	3.15046734843876e-43	1	2
ENSG00000091592.15	0.856758911265734	2.98772270939978e-43	2	1
ENSG00000139200.13	0.857523334536643	2.09176168370166e-43	2	1
ENSG00000135709.12	0.8576658361806	1.95681507870533e-43	2	1
ENSG00000133313.14	0.857687463018553	1.93709775011508e-43	1	2
ENSG00000075340.22	0.858615349767271	1.25245014018768e-43	2	1
ENSG00000170579.16	0.858651968398806	1.23100141781061e-43	2	1
ENSG00000283183.1	0.859802075035258	7.13775993600986e-44	8	2
ENSG00000117859.18	0.860467202765249	5.19652045711485e-44	1	2
ENSG00000171435.13	0.860745631918797	4.54774229051722e-44	2	8
ENSG00000044115.20	0.863003945138545	1.52528380683525e-44	1	2
ENSG00000184156.16	0.863592310334585	1.14380200552293e-44	2	1
ENSG00000154917.10	0.863886866117765	9.89811182411359e-45	8	1
ENSG00000157064.10	0.866197110586976	3.14673348587539e-45	2	1
ENSG00000160014.16	0.866248400140727	3.0669424224067e-45	8	2
ENSG00000186487.17	0.866900379544131	2.21060283348363e-45	2	1
ENSG00000151376.16	0.867777509722296	1.41912409299404e-45	2	1
ENSG00000102699.5	0.868574108010843	9.46249438035834e-46	1	2
ENSG00000160460.15	0.868628401919781	9.20379863640556e-46	8	1
ENSG00000124570.17	0.869944384902156	4.68299836954631e-46	1	2
ENSG00000049245.12	0.870111842883924	4.29491173018501e-46	1	2
ENSG00000148408.12	0.870461241098556	3.58424182092701e-46	2	1
ENSG00000132879.13	0.871145116228695	2.51174625590942e-46	2	8
ENSG00000152969.17	0.871887299871413	1.70367425681901e-46	2	1
ENSG00000124194.16	0.87211200250354	1.51404010702967e-46	2	1
ENSG00000182149.20	0.872116865794174	1.51017442552765e-46	1	2
ENSG00000101210.10	0.872302874766578	1.36939246535381e-46	2	1
ENSG00000163516.13	0.872328317317565	1.35116897446176e-46	1	12
ENSG00000076826.9	0.872354818473089	1.33244098928166e-46	8	1
ENSG00000160716.5	0.872738784484532	1.08810356819986e-46	2	8
ENSG00000165995.18	0.873967633756359	5.66467648157487e-47	2	1
ENSG00000077080.9	0.875457451333274	2.54369667476898e-47	2	1
ENSG00000160460.15	0.875564686753835	2.40029975016434e-47	8	2
ENSG00000132563.15	0.875775659034538	2.1410156304578e-47	8	2
ENSG00000176788.8	0.876027134374325	1.86777582276095e-47	2	1
ENSG00000124140.13	0.876275361156168	1.63180755008351e-47	2	1
ENSG00000076826.9	0.876305401481417	1.60532093083953e-47	8	2
ENSG00000101152.10	0.876672168408398	1.31413799173582e-47	8	1
ENSG00000099365.10	0.877594675070817	7.92105177380421e-48	2	8
ENSG00000139998.14	0.880059064145657	2.00739978826437e-48	8	2
ENSG00000143740.14	0.880398671429075	1.65750251978312e-48	8	2
ENSG00000125966.9	0.884761683126792	1.34214135418277e-49	2	8
ENSG00000197457.9	0.886029317321817	6.34366740073417e-50	2	8
ENSG00000141622.13	0.8916139017905	2.09460375060936e-51	8	2
ENSG00000213023.10	0.893664813179666	5.71019718973124e-52	8	2
ENSG00000122733.12	0.895113233312613	2.24395439179799e-52	8	2
ENSG00000101152.10	0.895550327307115	1.68824917956629e-52	8	2
ENSG00000135709.12	0.897229611468513	5.59128943563641e-53	2	8
ENSG00000204681.10	0.898478564962774	2.42749234991542e-53	4	10
ENSG00000115902.10	0.900402559300112	6.57096125647209e-54	4	10
ENSG00000132938.19	0.910901502060778	3.17504887619234e-57	8	2
ENSG00000154917.10	0.914976926538307	1.26602694750289e-58	8	2
