gene	corr	pvalue	gene_mod	pc_mod
ENSG00000126950.7	0.741550673073937	1.08909117146806e-25	7	1
ENSG00000103978.15	0.74156818606785	1.08473820986795e-25	1	7
ENSG00000182636.5	0.741580189730927	1.08176447758609e-25	7	1
ENSG00000158615.8	0.741699958252428	1.05252763841996e-25	18	10
ENSG00000163453.11	0.741808392140059	1.02672644170008e-25	11	10
ENSG00000080200.9	0.741819072132137	1.02421898368338e-25	1	7
ENSG00000125170.10	0.741924744984363	9.99730197451902e-26	7	9
ENSG00000170248.13	0.741971194140734	9.89148390190922e-26	1	18
ENSG00000156671.12	0.742099856635463	9.60406891391822e-26	1	7
ENSG00000198794.11	0.742221903453261	9.33900339475425e-26	7	1
ENSG00000057704.12	0.742224930484407	9.33252112981446e-26	1	7
ENSG00000183283.15	0.742396790137156	8.97163277231689e-26	1	18
ENSG00000103269.13	0.742411647838156	8.94108317290877e-26	7	9
ENSG00000134243.11	0.742431339308916	8.90075166241434e-26	1	7
ENSG00000157870.14	0.742439557383067	8.88397240935301e-26	7	1
ENSG00000204576.11	0.742477532942921	8.80683748195981e-26	7	1
ENSG00000266086.1	0.74247840085093	8.80508230340176e-26	9	4
ENSG00000153046.17	0.742534890087838	8.69157775780555e-26	18	9
ENSG00000151778.10	0.742535823605345	8.68971412373107e-26	7	14
ENSG00000100596.6	0.74253660076106	8.68816294226588e-26	1	7
ENSG00000242689.2	0.742670540952917	8.42483566067626e-26	1	7
ENSG00000134590.13	0.742770150429476	8.23408928778513e-26	7	18
ENSG00000116857.16	0.742794376328878	8.18834169378078e-26	7	1
ENSG00000068903.19	0.742844744774771	8.09402292158283e-26	1	7
ENSG00000116044.15	0.742845637341973	8.09236115800314e-26	1	7
ENSG00000109787.12	0.743023089104995	7.76853976823702e-26	1	7
ENSG00000112305.14	0.743046334025805	7.72707347276215e-26	3	14
ENSG00000184207.8	0.743135704706383	7.56965669882064e-26	7	18
ENSG00000076928.17	0.743157761259022	7.53129254147636e-26	1	14
ENSG00000105278.10	0.743213190940505	7.43571975590376e-26	7	9
ENSG00000078269.14	0.743222105719697	7.42046009249907e-26	1	7
ENSG00000163069.12	0.743325412033899	7.24585074105821e-26	1	4
ENSG00000133104.12	0.743361223821245	7.18626617149236e-26	1	18
ENSG00000231528.2	0.743431064681583	7.07144117192666e-26	1	7
ENSG00000158815.10	0.743493834095531	6.96977760736928e-26	9	18
ENSG00000110756.17	0.743557932194884	6.8674403487467e-26	1	7
ENSG00000184005.10	0.74364017970606	6.73828083183336e-26	1	18
ENSG00000184205.14	0.74364381486097	6.73262754012962e-26	7	1
ENSG00000177542.10	0.743764490774914	6.54757122949518e-26	7	14
ENSG00000106976.20	0.743803663375653	6.48857874778905e-26	7	1
ENSG00000106052.13	0.743833231545242	6.44439543200411e-26	4	9
ENSG00000175582.19	0.743846330099061	6.42491679811051e-26	3	14
ENSG00000235961.5	0.743860636175183	6.40370839297539e-26	7	1
ENSG00000113575.9	0.743902378163539	6.34221826086578e-26	3	14
ENSG00000184349.12	0.743904702085334	6.33881194672287e-26	7	1
ENSG00000123124.13	0.743929196848546	6.30301733124263e-26	4	9
ENSG00000070367.15	0.743991158859204	6.21335307880008e-26	4	18
ENSG00000068650.18	0.744087693136897	6.07614480355937e-26	1	18
ENSG00000131943.17	0.744142754596364	5.9992180204553e-26	7	14
ENSG00000181215.14	0.744190563734897	5.9331982235168e-26	7	18
ENSG00000148408.12	0.744251094830818	5.85063122832241e-26	7	18
ENSG00000097021.19	0.744310218487908	5.77107144333545e-26	7	1
ENSG00000119139.17	0.744360412860018	5.70436023263862e-26	1	7
ENSG00000182013.17	0.744400651149805	5.65142746921494e-26	7	14
ENSG00000105223.19	0.744404921767901	5.64583787999819e-26	7	1
ENSG00000169242.11	0.744535548794046	5.4774598248632e-26	1	10
ENSG00000176401.5	0.744642084224369	5.34378769596588e-26	7	1
ENSG00000077152.9	0.744648251422482	5.33614824987106e-26	7	18
ENSG00000177511.5	0.744662299409661	5.31878662626672e-26	7	1
ENSG00000170271.10	0.744665895635668	5.31435102976064e-26	1	7
ENSG00000128283.6	0.744672156756398	5.3066371914422e-26	1	7
ENSG00000069509.5	0.744735063073826	5.22974160474208e-26	14	17
ENSG00000169750.8	0.744757919437721	5.20207370725208e-26	7	18
ENSG00000143458.11	0.744792762154079	5.16017197501762e-26	1	7
ENSG00000064961.18	0.744804872717374	5.14568545422174e-26	1	7
ENSG00000032389.12	0.74482176783803	5.12554226089093e-26	7	1
ENSG00000078053.16	0.74483405994936	5.11093558259543e-26	7	1
ENSG00000181035.13	0.744841751573378	5.10181640572259e-26	7	1
ENSG00000023171.16	0.744863652410678	5.07593805541126e-26	7	18
ENSG00000072501.17	0.744892284389753	5.04230002334507e-26	1	18
ENSG00000104859.14	0.744903945870585	5.02866232556047e-26	1	3
ENSG00000132026.13	0.744931099141142	4.99704743155103e-26	7	18
ENSG00000156959.8	0.744941091587882	4.98546219685122e-26	7	18
ENSG00000107872.12	0.744947323635151	4.9782500975509e-26	7	14
ENSG00000119688.20	0.745087355048649	4.81886665119393e-26	9	13
ENSG00000165732.12	0.745178981194219	4.71729588399464e-26	18	10
ENSG00000181035.13	0.745190131041339	4.70507999240483e-26	7	18
ENSG00000060749.14	0.745201595517239	4.69255171596074e-26	1	18
ENSG00000137843.11	0.745231933614216	4.65955601992242e-26	7	1
ENSG00000135454.13	0.745271953274559	4.61637823228192e-26	7	18
ENSG00000124140.13	0.745343726170078	4.5399214551661e-26	7	1
ENSG00000111726.12	0.745356906219466	4.52601677312166e-26	7	3
ENSG00000143772.9	0.74548079681959	4.3973380299431e-26	1	6
ENSG00000197694.15	0.745603201381775	4.27372609161038e-26	7	9
ENSG00000128595.16	0.745645993956547	4.23131995839219e-26	18	7
ENSG00000182902.13	0.745743985324208	4.13576070702317e-26	6	15
ENSG00000165591.6	0.745874898230443	4.01139049643597e-26	9	18
ENSG00000186377.7	0.745920591970091	3.96884932430769e-26	7	1
ENSG00000102699.5	0.745932035133042	3.95826508110311e-26	1	18
ENSG00000100429.17	0.74593992685044	3.95098183467853e-26	9	18
ENSG00000213930.11	0.745952555397447	3.93935429433724e-26	9	18
ENSG00000085982.13	0.745961277718165	3.93134293813849e-26	1	13
ENSG00000166676.14	0.745976181328403	3.91769106785347e-26	7	1
ENSG00000139405.15	0.746025168444947	3.87314484311179e-26	7	1
ENSG00000241360.1	0.746339668214999	3.59875099701955e-26	7	1
ENSG00000134453.15	0.746569659030612	3.41024171754073e-26	1	7
ENSG00000086062.12	0.74661777070479	3.37204938378417e-26	5	10
ENSG00000077080.9	0.746818834917513	3.21692519466724e-26	7	1
ENSG00000117598.11	0.746931649360087	3.13297292088329e-26	7	14
ENSG00000139970.16	0.746979440066381	3.09805980546537e-26	7	14
ENSG00000198331.10	0.747006305434198	3.07860124345007e-26	7	1
ENSG00000175764.14	0.747040380394361	3.05409301147384e-26	1	7
ENSG00000170500.12	0.74710358657945	3.0091375642501e-26	7	1
ENSG00000187775.16	0.747218313265625	2.9291891197491e-26	1	7
ENSG00000155256.17	0.747219599460596	2.92830472844083e-26	7	9
ENSG00000104435.13	0.747240438088607	2.91401244127411e-26	7	1
ENSG00000114978.17	0.747249091393852	2.90809763313808e-26	10	18
ENSG00000139405.15	0.747288992505627	2.8809758214898e-26	7	14
ENSG00000100294.12	0.747339269301565	2.84715415062312e-26	7	14
ENSG00000171132.13	0.747364089666351	2.83060103590027e-26	14	7
ENSG00000120699.12	0.747441305028053	2.77970564325024e-26	1	14
ENSG00000124535.15	0.747472609332942	2.75932833757297e-26	7	1
ENSG00000064651.13	0.747614524256677	2.66877119257668e-26	1	7
ENSG00000180543.4	0.747700816903091	2.61513796062826e-26	7	1
ENSG00000151239.13	0.747763071678799	2.57710230594187e-26	1	18
ENSG00000179295.17	0.747847960502777	2.52611042750116e-26	1	18
ENSG00000186166.8	0.747855733982958	2.52149070178377e-26	9	13
ENSG00000112053.13	0.747909096654469	2.49000038946976e-26	7	18
ENSG00000011677.12	0.747966383260161	2.45662345570252e-26	7	1
ENSG00000177380.13	0.747968966082992	2.45512899942365e-26	7	1
ENSG00000255686.1	0.748090393506198	2.38586612733348e-26	7	9
ENSG00000063046.17	0.74820236605861	2.32369570439602e-26	1	18
ENSG00000261115.5	0.748297326387966	2.27221741087559e-26	14	7
ENSG00000277200.1	0.748307280184545	2.26688658946332e-26	7	18
ENSG00000241878.11	0.748368129368116	2.23456389630466e-26	7	1
ENSG00000135164.18	0.748383900411468	2.22626039820243e-26	1	17
ENSG00000116254.17	0.748492433212859	2.16993205002742e-26	7	1
ENSG00000091592.15	0.748495110395278	2.1685603993514e-26	7	1
ENSG00000117153.15	0.74851250891972	2.15966697286144e-26	7	1
ENSG00000139200.13	0.748533273859617	2.14909955148624e-26	7	18
ENSG00000139977.13	0.748627472937906	2.10179393190514e-26	3	14
ENSG00000132780.16	0.74864433745102	2.09343316629302e-26	1	3
ENSG00000277200.1	0.748754591883658	2.0395708966433e-26	7	1
ENSG00000167371.17	0.748755134532642	2.03930918647394e-26	7	1
ENSG00000183111.11	0.748781431145933	2.0266661531336e-26	1	7
ENSG00000179222.17	0.748832810082042	2.00218518474222e-26	7	1
ENSG00000101152.10	0.748840091887293	1.99873909257024e-26	7	1
ENSG00000149313.10	0.748924062715733	1.95941776822908e-26	7	3
ENSG00000119121.21	0.748951318603006	1.94681830288634e-26	1	7
ENSG00000130024.14	0.749018368988658	1.9161601635784e-26	1	18
ENSG00000165943.4	0.749022715124545	1.91418934749596e-26	7	3
ENSG00000143612.19	0.74909674402168	1.88092342898422e-26	1	9
ENSG00000196277.15	0.749124231216156	1.86871648174622e-26	7	1
ENSG00000008300.16	0.749186651560922	1.84128350987685e-26	7	18
ENSG00000188021.8	0.749313345294371	1.7868112309522e-26	7	14
ENSG00000157870.14	0.74937719882587	1.75995906338979e-26	7	18
ENSG00000138078.15	0.74947348466936	1.72021445231426e-26	7	14
ENSG00000155545.19	0.749684657623838	1.63610218636206e-26	4	18
ENSG00000163939.18	0.749748562508204	1.61145238856872e-26	4	18
ENSG00000102302.7	0.749815524842053	1.58601380941013e-26	7	1
ENSG00000169032.9	0.749824286008182	1.58271475123043e-26	14	3
ENSG00000221866.9	0.750003073207913	1.5168419223562e-26	7	1
ENSG00000154174.7	0.750392211704664	1.38261801864952e-26	3	14
ENSG00000108947.4	0.750398694509823	1.38048357182705e-26	7	1
ENSG00000162188.5	0.750566606767846	1.32631036434917e-26	7	14
ENSG00000175899.14	0.750652909083357	1.299283166136e-26	5	11
ENSG00000174996.11	0.750859408625485	1.23678604453911e-26	7	1
ENSG00000058404.19	0.750945544324125	1.21159673952189e-26	7	18
ENSG00000206527.9	0.751006105517981	1.19418814426828e-26	1	7
ENSG00000106976.20	0.751208973466096	1.13764025872499e-26	7	18
ENSG00000172006.11	0.751285978445696	1.11687015353228e-26	7	18
ENSG00000156990.14	0.751499880657422	1.06110621709541e-26	7	18
ENSG00000187231.13	0.751526871226743	1.05426669368192e-26	1	7
ENSG00000054356.13	0.751592016849535	1.03793603793272e-26	7	1
ENSG00000172239.13	0.751621375288916	1.03065778142812e-26	4	9
ENSG00000091527.15	0.75163562315804	1.0271436425294e-26	18	9
ENSG00000131051.22	0.751692770562576	1.01316627082199e-26	1	13
ENSG00000185883.11	0.751727224863449	1.00482954632796e-26	7	1
ENSG00000188573.7	0.751728964792807	1.00441033309649e-26	7	18
ENSG00000109320.11	0.751756168402492	9.97878228558739e-27	1	18
ENSG00000147874.10	0.751856034554129	9.74253536926348e-27	1	18
ENSG00000164089.8	0.751861774800827	9.72912393604463e-27	6	15
ENSG00000108352.11	0.752106058067145	9.17485255304335e-27	7	9
ENSG00000164096.12	0.752122616076555	9.13842389260722e-27	1	7
ENSG00000185634.11	0.752182788254362	9.00723117357913e-27	1	7
ENSG00000065989.15	0.752346947422843	8.65863344505743e-27	7	14
ENSG00000130590.13	0.752353009093203	8.64601772569751e-27	7	18
ENSG00000151502.10	0.752425300284671	8.4969449604995e-27	7	1
ENSG00000148218.15	0.752474093326385	8.39775524050014e-27	1	7
ENSG00000177311.11	0.752500871622116	8.34380184861423e-27	11	18
ENSG00000176956.12	0.752524088794662	8.29729858247528e-27	7	1
ENSG00000131051.22	0.752670624802443	8.00959877578292e-27	1	17
ENSG00000149557.12	0.752677008010643	7.99729118234566e-27	1	7
ENSG00000128487.16	0.752740399987724	7.87606563633889e-27	1	7
ENSG00000184368.15	0.752854042125469	7.66323865000483e-27	7	1
ENSG00000069345.11	0.752931566276357	7.52129797917828e-27	3	13
ENSG00000119865.8	0.753044420396366	7.31926640225016e-27	7	1
ENSG00000218336.8	0.753085709927978	7.24668701239469e-27	7	14
ENSG00000004455.16	0.75314813035058	7.13830092059267e-27	1	7
ENSG00000248487.8	0.753160750041498	7.11658214066009e-27	7	1
ENSG00000128524.4	0.753241562249112	6.97902998030363e-27	7	18
ENSG00000155256.17	0.753260725382446	6.9467962395628e-27	7	18
ENSG00000147144.12	0.753277864346238	6.91809094994643e-27	7	9
ENSG00000154518.9	0.753324199897914	6.84106640402493e-27	14	17
ENSG00000105393.15	0.753342933200834	6.81016484007819e-27	7	18
ENSG00000155508.13	0.75337301094688	6.76083599736261e-27	11	18
ENSG00000151748.14	0.753482547171995	6.58413435711274e-27	1	7
ENSG00000050748.17	0.753499731289311	6.55682723909605e-27	14	3
ENSG00000169258.6	0.75354132703871	6.49118659365464e-27	7	1
ENSG00000165716.10	0.753552902352504	6.47303489454807e-27	7	18
ENSG00000083454.21	0.753601815156439	6.39688060836873e-27	7	18
ENSG00000166159.10	0.753694768336661	6.25457081249382e-27	7	18
ENSG00000125826.20	0.753817652741093	6.07119112080383e-27	9	13
ENSG00000135423.12	0.753824269403627	6.06146807811227e-27	7	1
ENSG00000204592.8	0.753843976984437	6.0325985617167e-27	11	10
ENSG00000073417.14	0.75390430132138	5.94506496380231e-27	1	7
ENSG00000109103.11	0.753920923591538	5.92116482995699e-27	7	1
ENSG00000072062.13	0.753927323869123	5.91198740297405e-27	7	1
ENSG00000176248.8	0.753979860615932	5.83717951034469e-27	1	13
ENSG00000097021.19	0.754010669063934	5.79374332536229e-27	7	18
ENSG00000115419.12	0.754037851027921	5.75568324652273e-27	14	3
ENSG00000130477.15	0.754205676512993	5.52606459281692e-27	7	14
ENSG00000197860.9	0.754214233581907	5.51460058565883e-27	3	14
ENSG00000100554.11	0.754233753793435	5.48853630308388e-27	7	14
ENSG00000206140.10	0.754280314231928	5.42685323065693e-27	9	18
ENSG00000163462.17	0.754453980697407	5.20271760655635e-27	9	7
ENSG00000143761.15	0.754569688911982	5.05844724333812e-27	7	1
ENSG00000163166.14	0.75470934493579	4.88953395877894e-27	1	7
ENSG00000100842.12	0.754769824398846	4.81811171575986e-27	1	7
ENSG00000260230.2	0.754907112366311	4.65975793147726e-27	7	1
ENSG00000166619.12	0.754936317648996	4.6267353825941e-27	7	1
ENSG00000173674.10	0.754957074128001	4.60340550528238e-27	4	9
ENSG00000164889.13	0.754999285847965	4.55631552441088e-27	1	7
ENSG00000120162.9	0.755037172816435	4.5144524200185e-27	1	7
ENSG00000181315.10	0.755055563511488	4.49426783471817e-27	1	4
ENSG00000077380.15	0.755098604350372	4.44737381975221e-27	1	7
ENSG00000136451.8	0.755142673571471	4.39985640132559e-27	1	18
ENSG00000070759.16	0.755170449542878	4.37016317083375e-27	1	7
ENSG00000129422.14	0.755228127314874	4.30913024732085e-27	1	7
ENSG00000118246.13	0.755377565884353	4.15485919391751e-27	4	9
ENSG00000132938.19	0.75547182460304	4.06035082282359e-27	7	14
ENSG00000036530.8	0.755497947473177	4.03453386430341e-27	7	18
ENSG00000101098.12	0.755585428007053	3.94924407316654e-27	7	14
ENSG00000167642.12	0.755605833259806	3.92960548197477e-27	7	1
ENSG00000012983.11	0.755641306403014	3.89569275607585e-27	1	7
ENSG00000126733.20	0.755653906660826	3.88371595668347e-27	7	1
ENSG00000172466.15	0.755771467694651	3.77369718941947e-27	1	18
ENSG00000112531.16	0.755787845865123	3.75861430823895e-27	1	7
ENSG00000108061.11	0.755822777387536	3.72664255344352e-27	7	3
ENSG00000166167.17	0.755838885719326	3.71198905471363e-27	7	1
ENSG00000106993.11	0.755890425819629	3.66548229562225e-27	3	13
ENSG00000153558.13	0.756086933647915	3.49334823701659e-27	7	1
ENSG00000047597.5	0.756127495421499	3.4588171570724e-27	7	14
ENSG00000132780.16	0.756147562559692	3.4418575301155e-27	1	14
ENSG00000013392.7	0.75622498711251	3.37718330521552e-27	7	1
ENSG00000149243.15	0.756240068176338	3.36472515784452e-27	7	18
ENSG00000076826.9	0.756322578368489	3.29735861908075e-27	7	1
ENSG00000196700.8	0.756329995595456	3.29136790657676e-27	7	9
ENSG00000176658.16	0.756355389494649	3.27093856267652e-27	1	7
ENSG00000151304.5	0.756468182937259	3.18168872040103e-27	18	9
ENSG00000131943.17	0.756576186023731	3.09846877663053e-27	7	1
ENSG00000131779.10	0.756597902168957	3.08199531294146e-27	7	18
ENSG00000100284.20	0.756684678967101	3.01702082427578e-27	7	18
ENSG00000166225.8	0.756751701187366	2.96775856229308e-27	1	18
ENSG00000116044.15	0.756761931078197	2.96030914740179e-27	1	18
ENSG00000143434.15	0.756803499507941	2.93022710924116e-27	7	9
ENSG00000188554.13	0.756832691025697	2.90928126248499e-27	1	7
ENSG00000242173.8	0.756846829818637	2.89918905984413e-27	7	18
ENSG00000133134.11	0.757036020795156	2.76740291334991e-27	7	18
ENSG00000138459.8	0.75704375137387	2.76214475192715e-27	1	4
ENSG00000040933.15	0.757057258245894	2.75298118507217e-27	7	1
ENSG00000132274.15	0.757139438238776	2.69786609311103e-27	5	10
ENSG00000165548.10	0.757292617794079	2.59800660668602e-27	7	1
ENSG00000130540.13	0.757311304688831	2.58607521058436e-27	7	1
ENSG00000178233.17	0.757337191537326	2.56963542555363e-27	7	14
ENSG00000166780.10	0.757380945088094	2.54208178402071e-27	7	1
ENSG00000132932.16	0.75744945160781	2.49952083550526e-27	7	14
ENSG00000144406.18	0.757653599494318	2.37679036267707e-27	7	14
ENSG00000081377.16	0.757706280825665	2.34609055809808e-27	1	7
ENSG00000124702.17	0.757921926520606	2.22442605280511e-27	7	14
ENSG00000108239.8	0.758069065502827	2.14498496209914e-27	1	7
ENSG00000136854.19	0.758222504268603	2.06510579623859e-27	7	1
ENSG00000196368.4	0.758242338761907	2.05499536191733e-27	7	1
ENSG00000141098.12	0.758256024580837	2.04804746359723e-27	7	14
ENSG00000145349.16	0.758346676644441	2.00260400425412e-27	3	14
ENSG00000138078.15	0.758414830433175	1.96909125136482e-27	7	3
ENSG00000129515.18	0.758525300244635	1.91593511789337e-27	1	7
ENSG00000135709.12	0.758544841546381	1.90667975932262e-27	7	1
ENSG00000082014.16	0.758563656366087	1.89780991051604e-27	7	18
ENSG00000008282.8	0.758621812153168	1.87064858779502e-27	1	18
ENSG00000166848.5	0.758632673971769	1.86561804618413e-27	7	1
ENSG00000170915.8	0.758726008835001	1.82293405478708e-27	1	7
ENSG00000167700.8	0.758842976457084	1.77079215982054e-27	7	18
ENSG00000108352.11	0.758930128519178	1.73289486082329e-27	7	18
ENSG00000129636.12	0.758990436457025	1.70713717388598e-27	3	14
ENSG00000151923.17	0.759033598955026	1.68893319011691e-27	1	7
ENSG00000139737.21	0.759033629298205	1.68892045992612e-27	1	7
ENSG00000165152.8	0.75917178700071	1.63192242918361e-27	7	14
ENSG00000159753.13	0.759205831864285	1.6181691668122e-27	7	1
ENSG00000174938.14	0.759358659217326	1.55781791192372e-27	7	1
ENSG00000171462.14	0.759431929610851	1.52967170031876e-27	7	18
ENSG00000147416.10	0.759473164599339	1.51405150928191e-27	7	1
ENSG00000164976.8	0.75959446033845	1.46900458816419e-27	6	15
ENSG00000134748.12	0.759650780873801	1.44853750343484e-27	1	18
ENSG00000082153.17	0.75975044357848	1.41300264470582e-27	18	9
ENSG00000163428.3	0.759840644951245	1.38157895519298e-27	1	7
ENSG00000100626.16	0.759865476864236	1.37304914853791e-27	7	1
ENSG00000112343.10	0.759883980136797	1.36672683285213e-27	5	11
ENSG00000138028.15	0.759914245706946	1.35644697302446e-27	7	18
ENSG00000169871.12	0.759933057922826	1.35009554962566e-27	1	18
ENSG00000108639.7	0.759950580449895	1.34420578712963e-27	1	7
ENSG00000101746.15	0.759959504752421	1.34121579405776e-27	7	1
ENSG00000114923.16	0.759963828520791	1.3397695071405e-27	7	14
ENSG00000184007.18	0.760073000912743	1.30375419808519e-27	1	7
ENSG00000137145.20	0.760125302281117	1.2868382949035e-27	1	18
ENSG00000258986.6	0.760187909255728	1.26687204085598e-27	7	18
ENSG00000152932.7	0.760243979009036	1.24924862861431e-27	7	1
ENSG00000121749.15	0.760396701371966	1.20245608801261e-27	1	7
ENSG00000223572.9	0.760414768528398	1.19703547829266e-27	7	18
ENSG00000235961.5	0.76043330428106	1.19149917720303e-27	7	18
ENSG00000101210.10	0.760472600049176	1.17984512360562e-27	7	1
ENSG00000189241.6	0.760490579224819	1.1745503257966e-27	7	14
ENSG00000005486.16	0.760609000925695	1.14025306612486e-27	7	1
ENSG00000099910.16	0.760635522994436	1.13270740243679e-27	7	18
ENSG00000241360.1	0.760743913577913	1.10237536257914e-27	7	14
ENSG00000101400.5	0.760779437846901	1.09260862098004e-27	6	15
ENSG00000125354.22	0.760795677004673	1.08817226881258e-27	7	1
ENSG00000100697.14	0.7609877686863	1.03701648264506e-27	1	18
ENSG00000241973.10	0.761071007770838	1.01558844985482e-27	7	14
ENSG00000106078.17	0.761178234662253	9.88624136075608e-28	1	7
ENSG00000055211.12	0.761340724031807	9.49095590236529e-28	1	7
ENSG00000099365.10	0.761428159819835	9.2847085527389e-28	7	14
ENSG00000170091.10	0.761540329856699	9.02654196895839e-28	7	1
ENSG00000089818.17	0.761582896625601	8.93042538061363e-28	7	14
ENSG00000139637.13	0.761800323503752	8.45491065033615e-28	7	18
ENSG00000172782.11	0.761869818259392	8.30822817485716e-28	7	14
ENSG00000189410.11	0.761984897624857	8.07079904447751e-28	7	14
ENSG00000177542.10	0.762046086995364	7.94727693796937e-28	7	1
ENSG00000151914.19	0.76210786299051	7.8244514548335e-28	1	7
ENSG00000136478.7	0.762128527789112	7.78378182905659e-28	1	7
ENSG00000124570.17	0.762170709042753	7.70140875362265e-28	5	14
ENSG00000170027.6	0.762205546498611	7.63402189705544e-28	7	3
ENSG00000138028.15	0.762245615647328	7.55722996971827e-28	7	1
ENSG00000047365.11	0.762310898979693	7.43373473635938e-28	1	7
ENSG00000135837.15	0.762431118297497	7.21147397068357e-28	1	18
ENSG00000112851.14	0.762451595382755	7.17427112049029e-28	1	7
ENSG00000186111.9	0.762502538549893	7.08253188385347e-28	7	14
ENSG00000137561.4	0.762579216039399	6.94661449899113e-28	6	15
ENSG00000067167.7	0.762660967119472	6.80452058700661e-28	1	18
ENSG00000008056.13	0.76267265012913	6.78444816722989e-28	7	1
ENSG00000189369.8	0.762765256007891	6.62738397272819e-28	7	1
ENSG00000212864.3	0.762766870364416	6.62467780892318e-28	7	18
ENSG00000172239.13	0.762823569436938	6.53031675943881e-28	4	18
ENSG00000152558.14	0.762860262881805	6.46995369454873e-28	1	18
ENSG00000198908.11	0.762865248929476	6.46179366521982e-28	3	14
ENSG00000100294.12	0.762998702480981	6.24709821002254e-28	7	18
ENSG00000076928.17	0.763004195635622	6.2384125429549e-28	1	13
ENSG00000148120.16	0.763048307220277	6.16909218078846e-28	1	7
ENSG00000122435.9	0.763263663780504	5.84136238471249e-28	1	7
ENSG00000185274.11	0.763287652876771	5.80593001641352e-28	7	14
ENSG00000155961.4	0.763356832660944	5.70492610087764e-28	3	14
ENSG00000165476.13	0.763359899708649	5.70048826174283e-28	1	18
ENSG00000138593.8	0.763696629275758	5.23330005269265e-28	1	7
ENSG00000132879.13	0.763706427261527	5.2202840379395e-28	7	1
ENSG00000186648.14	0.763718959689219	5.20368174693159e-28	7	9
ENSG00000105483.17	0.763886669890748	4.98642849892373e-28	1	18
ENSG00000119537.15	0.763932472603983	4.92865804126468e-28	1	18
ENSG00000115808.11	0.763949632526716	4.90718384999143e-28	1	7
ENSG00000133313.14	0.763959380166752	4.8950263908305e-28	1	7
ENSG00000165410.14	0.763993319748883	4.85292623710377e-28	1	7
ENSG00000104904.12	0.764103394983276	4.71881249986492e-28	7	1
ENSG00000078053.16	0.764182007907067	4.62526335466189e-28	7	14
ENSG00000143590.13	0.764183959999526	4.62296366362294e-28	7	1
ENSG00000156471.12	0.764248827891395	4.54717949426043e-28	7	14
ENSG00000176749.8	0.764260442329498	4.53373970621715e-28	7	1
ENSG00000067955.13	0.764287294824959	4.50281596894863e-28	1	18
ENSG00000084444.13	0.764330716829451	4.45324764045494e-28	7	1
ENSG00000237190.3	0.764371075723678	4.40765599886192e-28	7	14
ENSG00000167733.13	0.764496801842453	4.26854282126015e-28	7	18
ENSG00000176022.4	0.764866170504581	3.88427888720349e-28	7	18
ENSG00000185883.11	0.764928167205749	3.82319597115551e-28	7	14
ENSG00000163820.14	0.764974608484156	3.77805724566668e-28	1	7
ENSG00000169139.11	0.765133415949011	3.62761765821805e-28	3	14
ENSG00000165959.11	0.765158788689216	3.60413246180394e-28	1	7
ENSG00000172115.8	0.765216527100159	3.55124362971432e-28	3	13
ENSG00000177679.15	0.765297384239451	3.47845497664302e-28	7	18
ENSG00000105483.17	0.765318904766082	3.45932972254286e-28	1	7
ENSG00000228594.3	0.765415963187834	3.37434753749853e-28	7	18
ENSG00000175931.12	0.765447230204229	3.34740937056655e-28	7	14
ENSG00000135929.8	0.765515887462704	3.28899534669768e-28	1	7
ENSG00000163875.15	0.765544995281069	3.26453303920499e-28	7	1
ENSG00000198915.11	0.765565808745743	3.24715082202176e-28	7	14
ENSG00000141698.16	0.765610890772497	3.20981149045031e-28	7	1
ENSG00000008735.13	0.76565913586237	3.17031871681576e-28	7	14
ENSG00000164402.13	0.765821981697666	3.04050187763688e-28	1	7
ENSG00000136051.13	0.76586105455092	3.01013782925137e-28	1	18
ENSG00000141458.12	0.765862366394929	3.00912355369457e-28	1	7
ENSG00000109332.19	0.765868299361631	3.00454055860043e-28	10	18
ENSG00000172465.13	0.765968872111568	2.92788528314874e-28	7	1
ENSG00000121749.15	0.766033383916207	2.87972832109265e-28	1	18
ENSG00000213719.8	0.766044858709542	2.87124433020929e-28	5	10
ENSG00000066468.22	0.766303822643837	2.68616493534503e-28	1	7
ENSG00000198934.4	0.76638973724577	2.62738696305086e-28	7	1
ENSG00000198910.12	0.766576600412214	2.50386642247942e-28	7	1
ENSG00000160305.17	0.766647704533064	2.45837640493337e-28	1	13
ENSG00000172731.13	0.76674552259146	2.39711766552438e-28	7	14
ENSG00000213023.10	0.766753451052775	2.3922185532932e-28	7	14
ENSG00000164885.12	0.766808051752054	2.35874561038648e-28	7	14
ENSG00000186660.14	0.767029552721653	2.22760265666529e-28	1	18
ENSG00000164885.12	0.767193935252788	2.13492645343527e-28	7	18
ENSG00000077080.9	0.767296395217401	2.0790853592472e-28	7	18
ENSG00000159086.14	0.767428581926913	2.00915492762555e-28	1	7
ENSG00000169504.14	0.767462508099655	1.99158228744066e-28	1	7
ENSG00000173064.12	0.767598867407609	1.92246044978355e-28	7	18
ENSG00000014641.17	0.767656941395462	1.89374164537358e-28	7	14
ENSG00000134030.13	0.767771122003586	1.83849840336164e-28	7	18
ENSG00000159164.9	0.767784542038122	1.83211019486453e-28	7	14
ENSG00000125895.5	0.767844683863438	1.80374782010312e-28	7	18
ENSG00000140577.15	0.767887991098972	1.78359161084619e-28	1	7
ENSG00000100167.19	0.767903017808977	1.77664957612742e-28	7	14
ENSG00000116120.9	0.767935472197152	1.76174659941023e-28	7	1
ENSG00000114948.12	0.768029693121391	1.71917174172994e-28	7	14
ENSG00000157107.13	0.768092966083458	1.69114911424721e-28	1	18
ENSG00000131779.10	0.768096793171523	1.68946859764646e-28	7	1
ENSG00000097007.17	0.768184368361809	1.65145778252214e-28	1	14
ENSG00000164466.12	0.768190892602315	1.64865983379993e-28	7	14
ENSG00000205593.11	0.768202757006181	1.64358364180151e-28	7	1
ENSG00000161203.13	0.768214442270657	1.63859907807539e-28	7	14
ENSG00000135912.10	0.768480467185851	1.52904843273924e-28	1	14
ENSG00000019505.7	0.768502453012075	1.52032283808535e-28	7	14
ENSG00000107672.14	0.768541379332863	1.5049936187603e-28	1	7
ENSG00000197535.14	0.768544195959796	1.50389032824941e-28	14	3
ENSG00000079308.16	0.768633251867555	1.46941266331468e-28	1	11
ENSG00000105278.10	0.768683701444532	1.45022649977575e-28	7	18
ENSG00000008300.16	0.76869778388058	1.44491490156316e-28	7	9
ENSG00000135740.16	0.768721567252823	1.43598760248916e-28	7	18
ENSG00000261115.5	0.768735361244025	1.43083471375204e-28	14	3
ENSG00000080822.16	0.768763199358792	1.42049066236194e-28	1	7
ENSG00000196218.12	0.76885352413176	1.38743036684704e-28	7	9
ENSG00000188786.9	0.768969485843379	1.34609094805771e-28	1	7
ENSG00000214655.10	0.769080906521373	1.30750940397722e-28	9	13
ENSG00000089486.16	0.769114101380527	1.2962262119089e-28	7	18
ENSG00000146267.11	0.769178096147532	1.27474274109021e-28	7	14
ENSG00000109103.11	0.769208122739863	1.26478335463834e-28	7	18
ENSG00000198331.10	0.769263620354939	1.24657606854434e-28	7	18
ENSG00000133985.2	0.769289716176028	1.23810382133896e-28	7	1
ENSG00000118160.13	0.769301777613982	1.23420707220192e-28	7	1
ENSG00000250366.2	0.769371221906724	1.21200423740926e-28	7	14
ENSG00000151718.15	0.769408300815163	1.20031021676377e-28	1	18
ENSG00000075539.13	0.76941516454898	1.19815768920085e-28	1	7
ENSG00000170445.12	0.769545558640147	1.1579767000121e-28	7	18
ENSG00000176788.8	0.769590966594386	1.14429686049135e-28	7	1
ENSG00000006831.9	0.76962090300868	1.13536488055533e-28	1	7
ENSG00000182013.17	0.769675964824364	1.11911455141668e-28	7	1
ENSG00000172350.9	0.769739868614686	1.10054056194658e-28	7	18
ENSG00000105355.8	0.769823291173833	1.07674769304097e-28	1	7
ENSG00000165282.13	0.769955334466583	1.0401151916192e-28	1	7
ENSG00000167654.17	0.770084106904922	1.00556845886848e-28	7	1
ENSG00000135709.12	0.770085246708406	1.00526775704957e-28	7	14
ENSG00000078668.13	0.770098566172332	1.00176035941928e-28	7	14
ENSG00000101210.10	0.770190989243223	9.77751120175562e-29	7	14
ENSG00000082701.14	0.770410473567682	9.22973138755303e-29	7	3
ENSG00000165238.16	0.770580584467248	8.82598737673596e-29	7	18
ENSG00000173821.19	0.77058554286898	8.81448266529468e-29	1	7
ENSG00000161682.14	0.770668699825319	8.62371548866329e-29	7	1
ENSG00000125170.10	0.77068270022505	8.59199845468322e-29	7	18
ENSG00000116199.11	0.770695193620449	8.56379206238482e-29	3	14
ENSG00000082701.14	0.770837319039794	8.24923905155089e-29	7	14
ENSG00000105717.13	0.77097213647413	7.96134646219869e-29	7	9
ENSG00000136854.19	0.771005356416581	7.89193494060524e-29	7	14
ENSG00000177105.9	0.771301605418932	7.29861560105274e-29	1	7
ENSG00000155265.10	0.771352047821514	7.20204651762647e-29	7	1
ENSG00000185697.16	0.771380452159347	7.14822072393393e-29	1	7
ENSG00000139998.14	0.771464256310587	6.99170198882776e-29	7	1
ENSG00000273238.1	0.771633272819867	6.68619133143002e-29	7	1
ENSG00000177383.4	0.771634284472563	6.68440270387368e-29	7	1
ENSG00000156515.21	0.77170313772704	6.56376497926968e-29	7	14
ENSG00000124194.16	0.771790106064852	6.41443627497794e-29	7	14
ENSG00000128011.4	0.771932237180227	6.17753290289149e-29	7	1
ENSG00000078747.14	0.77194812680594	6.15158756910654e-29	1	18
ENSG00000118482.11	0.772013934341488	6.04526710964789e-29	1	18
ENSG00000001167.14	0.772071654329989	5.95349829000544e-29	1	18
ENSG00000143502.14	0.772109493810235	5.89408036092422e-29	7	1
ENSG00000064042.17	0.772177468166307	5.78880018575584e-29	1	7
ENSG00000174482.10	0.772274146658646	5.64223296298304e-29	7	1
ENSG00000106546.12	0.772282559169666	5.62965287934932e-29	1	7
ENSG00000005812.10	0.7726624585527	5.08933989129394e-29	4	18
ENSG00000073921.17	0.772775175136675	4.9390523928407e-29	1	7
ENSG00000109458.8	0.772780849741759	4.93160251976389e-29	1	7
ENSG00000160460.15	0.772811977932297	4.89093168806784e-29	7	18
ENSG00000274956.2	0.772964588950177	4.69624836522936e-29	6	15
ENSG00000125170.10	0.77309704642243	4.53345128509515e-29	7	1
ENSG00000137776.16	0.773147836249796	4.47250730056839e-29	1	7
ENSG00000051382.8	0.7732018742887	4.4085480010738e-29	14	3
ENSG00000181264.8	0.773276070401127	4.32218908147289e-29	1	7
ENSG00000157064.10	0.773339204931645	4.25001341673196e-29	7	1
ENSG00000111275.12	0.773377658306479	4.20663404120891e-29	6	15
ENSG00000264522.5	0.773401732427478	4.17969731680183e-29	1	7
ENSG00000260903.2	0.77341646834501	4.16329273178917e-29	7	1
ENSG00000113578.17	0.773420416351122	4.15890839785441e-29	1	7
ENSG00000165704.14	0.773487593063635	4.08499779262861e-29	7	1
ENSG00000166845.13	0.773514219566928	4.0560600992513e-29	1	7
ENSG00000135362.13	0.773561340267464	4.00534127093541e-29	1	7
ENSG00000168675.18	0.773767884632836	3.79026740924986e-29	1	7
ENSG00000197444.9	0.773861090490095	3.69696144168747e-29	7	18
ENSG00000095787.21	0.773873162017231	3.68504296448384e-29	18	4
ENSG00000158805.11	0.774014421758584	3.54834451488065e-29	1	13
ENSG00000151726.13	0.77404337574736	3.52094602995518e-29	1	7
ENSG00000122694.15	0.774124774906814	3.44502680241434e-29	1	7
ENSG00000186654.20	0.774152218835837	3.4197942052607e-29	7	18
ENSG00000134375.10	0.774290580276268	3.29531652449155e-29	3	13
ENSG00000107863.17	0.774355548900145	3.23841117381622e-29	1	7
ENSG00000177679.15	0.774421998502936	3.1812059370151e-29	7	9
ENSG00000151702.16	0.774499346759233	3.11586587152089e-29	5	11
ENSG00000101608.12	0.774573416062286	3.05453039668218e-29	10	11
ENSG00000132359.14	0.774596142071943	3.0359499564332e-29	7	14
ENSG00000198001.13	0.774720855913179	2.93594235070564e-29	1	18
ENSG00000100603.13	0.774725394920571	2.93236414944336e-29	1	7
ENSG00000150867.13	0.77478317361562	2.88718799910821e-29	1	7
ENSG00000125971.16	0.774848520559249	2.83691674801612e-29	7	1
ENSG00000157827.19	0.77486573616567	2.8238163540947e-29	1	7
ENSG00000148408.12	0.775087168541683	2.6605138530506e-29	7	1
ENSG00000184911.14	0.775256885744965	2.54165593509294e-29	7	1
ENSG00000174871.10	0.775265093932029	2.53604150112431e-29	7	1
ENSG00000008294.20	0.775273808738378	2.53009385209465e-29	1	18
ENSG00000137218.10	0.775325296182654	2.49523308212453e-29	7	18
ENSG00000137845.14	0.775353325176318	2.47645391268868e-29	1	18
ENSG00000181215.14	0.775359678864183	2.47221631348021e-29	7	1
ENSG00000078902.15	0.775635544209551	2.29492948577635e-29	7	14
ENSG00000169758.12	0.775653317005952	2.28394541361173e-29	7	18
ENSG00000167635.11	0.775676124710429	2.2699251568427e-29	1	7
ENSG00000171435.13	0.775788287793719	2.20219588016168e-29	7	1
ENSG00000164171.10	0.775826014782558	2.17986321423367e-29	1	7
ENSG00000266967.6	0.775838181230743	2.17270871569074e-29	9	18
ENSG00000067066.16	0.775885577412055	2.14505630840756e-29	5	10
ENSG00000099999.14	0.77598094434119	2.09045835457071e-29	7	1
ENSG00000189241.6	0.776001418671508	2.07891570092437e-29	7	1
ENSG00000039560.13	0.776069654578136	2.04089644044189e-29	1	7
ENSG00000160716.5	0.776090084654379	2.02964660386253e-29	7	14
ENSG00000165943.4	0.776127223346337	2.00935174050452e-29	7	1
ENSG00000150760.12	0.776257902611129	1.93951064358461e-29	1	7
ENSG00000114383.9	0.776303660285709	1.91562299857891e-29	7	14
ENSG00000065923.9	0.776366841100191	1.88311340881819e-29	7	1
ENSG00000213337.8	0.776456995043785	1.83766003672912e-29	7	18
ENSG00000188191.14	0.776650619457487	1.74364655556026e-29	7	18
ENSG00000155729.12	0.776653855597272	1.74211605184137e-29	1	7
ENSG00000116473.14	0.77666873161436	1.73509750627652e-29	1	18
ENSG00000070214.15	0.776687271241089	1.72638927488173e-29	1	7
ENSG00000172292.14	0.776752612177372	1.69603850567437e-29	7	1
ENSG00000197457.9	0.77679210407711	1.67794900594063e-29	7	18
ENSG00000158301.18	0.776814155466182	1.66793072155381e-29	7	1
ENSG00000178662.15	0.776937104314728	1.61313950152503e-29	7	14
ENSG00000170456.15	0.777131570867118	1.53006184802683e-29	3	14
ENSG00000125841.12	0.777202853968055	1.50067262797313e-29	7	1
ENSG00000131263.12	0.777317834180884	1.45443057111769e-29	7	3
ENSG00000101489.19	0.777355577546824	1.43955812535059e-29	7	1
ENSG00000139323.13	0.777356181978432	1.43932117216055e-29	1	7
ENSG00000142655.12	0.7774437426561	1.405396248156e-29	7	18
ENSG00000138448.11	0.777632507390844	1.33490647480742e-29	1	7
ENSG00000204071.10	0.777715525133495	1.3050146705804e-29	7	1
ENSG00000143603.18	0.777834412504279	1.26334784464362e-29	6	15
ENSG00000100201.20	0.777856191532252	1.25585760138237e-29	1	17
ENSG00000174516.14	0.77786905113437	1.25145540070908e-29	7	14
ENSG00000065809.13	0.77811067171748	1.17150085053175e-29	1	7
ENSG00000175175.5	0.778222472383092	1.13622198813087e-29	7	3
ENSG00000155093.17	0.778231240322558	1.13349974761972e-29	7	1
ENSG00000124194.16	0.778231732659276	1.13334707842909e-29	7	1
ENSG00000178467.17	0.778286894121453	1.11636913277864e-29	7	1
ENSG00000110852.4	0.778341996241615	1.09965862169624e-29	5	10
ENSG00000155093.17	0.778485213441375	1.05736517652586e-29	7	14
ENSG00000135127.11	0.778485704066891	1.05722306902326e-29	7	9
ENSG00000197892.12	0.77856736439099	1.0338297445039e-29	1	7
ENSG00000143799.12	0.778576568113785	1.03122520089957e-29	1	7
ENSG00000134186.11	0.77865519305384	1.00923607603719e-29	1	7
ENSG00000186462.8	0.778665972136516	1.00625755870424e-29	7	14
ENSG00000135525.18	0.778782434532824	9.74621099445899e-30	1	7
ENSG00000107130.9	0.778829184396106	9.62198016596979e-30	7	14
ENSG00000162378.12	0.778946290886841	9.3175661855434e-30	7	14
ENSG00000131089.15	0.779091048624383	8.9543077470545e-30	7	1
ENSG00000126777.17	0.779165443214904	8.77306237851685e-30	1	18
ENSG00000132780.16	0.779220516456032	8.64121215945139e-30	1	13
ENSG00000040341.17	0.779385219920722	8.25838983033809e-30	14	3
ENSG00000184056.14	0.779406621845443	8.20988298197416e-30	9	18
ENSG00000171817.16	0.779490282884725	8.02293507199106e-30	7	9
ENSG00000198964.13	0.779626461613171	7.72752603837847e-30	1	18
ENSG00000267673.6	0.779759359462396	7.44953252097897e-30	7	17
ENSG00000135018.13	0.779773979116753	7.41955704232684e-30	3	4
ENSG00000108797.11	0.779830556152587	7.30466502405668e-30	7	14
ENSG00000169255.13	0.779874327471147	7.21697701134557e-30	7	3
ENSG00000171224.8	0.78014972076665	6.68849185726212e-30	7	18
ENSG00000104205.12	0.780162414220923	6.66507076453812e-30	1	7
ENSG00000003400.14	0.780334268450489	6.35578585275967e-30	5	11
ENSG00000130962.17	0.780364779298297	6.30236718931641e-30	1	7
ENSG00000099364.16	0.780372128867622	6.28956547246638e-30	7	14
ENSG00000127220.5	0.780410625982876	6.22292560117326e-30	7	1
ENSG00000124006.14	0.780431314369164	6.18739993022208e-30	7	9
ENSG00000108309.13	0.780525308301854	6.02848505030458e-30	7	18
ENSG00000188352.12	0.780714768627955	5.7202396404993e-30	7	1
ENSG00000128011.4	0.780756811935386	5.65396245570806e-30	7	18
ENSG00000130477.15	0.780816135328013	5.56172468130692e-30	7	1
ENSG00000092051.16	0.780889751833514	5.4493142099912e-30	7	1
ENSG00000182768.8	0.780898695824056	5.43580975610882e-30	7	14
ENSG00000079819.18	0.780916777160554	5.40860910674849e-30	1	7
ENSG00000150457.8	0.780947902949117	5.3620974967693e-30	11	18
ENSG00000197106.6	0.781083470349299	5.16405274709555e-30	7	14
ENSG00000197586.12	0.781128188951705	5.10031300489986e-30	7	1
ENSG00000147874.10	0.781178483933703	5.02954693662359e-30	1	7
ENSG00000067606.16	0.78118363992847	5.02234701698853e-30	7	14
ENSG00000153815.16	0.78120058234411	4.99875946869759e-30	7	1
ENSG00000104419.14	0.781263544178384	4.912051433532e-30	1	7
ENSG00000002549.12	0.781345415991297	4.80150537324621e-30	10	18
ENSG00000176428.5	0.781461236056203	4.64927918938707e-30	7	18
ENSG00000107798.17	0.781523322029159	4.56963736503409e-30	1	7
ENSG00000109436.7	0.781633670664644	4.43137625072727e-30	7	14
ENSG00000186487.17	0.78169917316801	4.35125504332826e-30	7	14
ENSG00000122126.15	0.781970036421651	4.03476385717682e-30	7	1
ENSG00000188191.14	0.782022099021276	3.97657297097325e-30	7	1
ENSG00000196586.13	0.782117388394432	3.87219212993695e-30	1	7
ENSG00000273032.1	0.782179390393518	3.80572315042728e-30	7	18
ENSG00000204052.4	0.782481014953664	3.49800575778723e-30	7	1
ENSG00000092871.16	0.782776641933862	3.22014373450837e-30	1	7
ENSG00000174775.16	0.782830798960662	3.17164239741185e-30	7	18
ENSG00000267673.6	0.782876697671547	3.13109864527656e-30	7	18
ENSG00000185610.6	0.783182547468647	2.87362130462168e-30	6	15
ENSG00000099999.14	0.783374587685863	2.72269451766058e-30	7	18
ENSG00000138430.15	0.783493251022265	2.6333525241346e-30	3	14
ENSG00000166111.9	0.783497051377904	2.63053928147447e-30	7	1
ENSG00000158195.10	0.783575072617764	2.57343081189227e-30	1	7
ENSG00000091436.16	0.783596024893516	2.5583029197049e-30	11	18
ENSG00000197142.10	0.783751987606628	2.44840447849628e-30	11	10
ENSG00000170382.11	0.783789761856364	2.42249180016728e-30	7	1
ENSG00000133131.14	0.783820345772323	2.40170889370028e-30	1	7
ENSG00000132563.15	0.783847832974296	2.38317965041468e-30	7	1
ENSG00000168159.11	0.784086656111676	2.22798118590108e-30	7	14
ENSG00000129990.14	0.78413386402433	2.19849885181384e-30	7	1
ENSG00000134851.12	0.784248395004889	2.12855346475619e-30	1	7
ENSG00000176182.5	0.784271939786096	2.11444734847249e-30	7	14
ENSG00000124140.13	0.784316049069875	2.08826710195389e-30	7	18
ENSG00000176485.11	0.784419256464398	2.02824664043986e-30	1	7
ENSG00000172197.10	0.784492717112748	1.98655991939449e-30	1	7
ENSG00000148356.13	0.784547402733178	1.95607443219477e-30	7	18
ENSG00000091622.15	0.784789783622096	1.82638971335818e-30	7	14
ENSG00000072864.14	0.784791082814563	1.82571784386451e-30	1	7
ENSG00000165434.7	0.784843014971326	1.79905912181578e-30	7	14
ENSG00000149925.17	0.785028729953411	1.70681312303764e-30	7	14
ENSG00000189067.12	0.785160494883679	1.64419537610757e-30	1	7
ENSG00000170085.17	0.78517893742857	1.63561285161279e-30	7	1
ENSG00000185052.11	0.785481485915582	1.50093419411207e-30	7	14
ENSG00000119946.10	0.785994661822167	1.29695236423023e-30	7	1
ENSG00000176749.8	0.786079552592277	1.26594026576657e-30	7	14
ENSG00000077264.14	0.786118108025858	1.25209668627459e-30	7	1
ENSG00000166448.14	0.786195092766235	1.22489775937407e-30	7	1
ENSG00000114439.18	0.786293932610645	1.19082598630298e-30	1	7
ENSG00000140575.12	0.786296613573673	1.18991488778055e-30	1	7
ENSG00000177119.15	0.786310502081871	1.18520595547936e-30	10	18
ENSG00000127445.13	0.786348927500207	1.17227279508925e-30	7	14
ENSG00000113269.13	0.786426796466893	1.14648700999218e-30	1	7
ENSG00000144711.13	0.786679757532377	1.06650222111039e-30	7	14
ENSG00000154727.10	0.786708922684325	1.05764009632922e-30	1	18
ENSG00000119946.10	0.786799133541843	1.03068354895598e-30	7	18
ENSG00000110315.6	0.787106978964512	9.43672740864981e-31	1	7
ENSG00000178171.10	0.787233179661445	9.10123737659219e-31	7	18
ENSG00000107282.7	0.787359387675573	8.77744019778604e-31	7	14
ENSG00000116266.10	0.78738243018008	8.71955543100423e-31	1	7
ENSG00000166924.8	0.787903245998214	7.50672096360822e-31	7	1
ENSG00000205629.11	0.787904893087301	7.50316124849291e-31	7	18
ENSG00000136878.12	0.787995178194971	7.31054891025251e-31	7	9
ENSG00000176410.7	0.788256231564292	6.78050906729124e-31	7	18
ENSG00000033627.16	0.78827175056322	6.75021560011536e-31	7	18
ENSG00000139970.16	0.788288221682732	6.71820884980298e-31	7	1
ENSG00000133985.2	0.788379398946597	6.54370836724977e-31	7	14
ENSG00000133878.8	0.788541174136158	6.24497444683817e-31	7	1
ENSG00000131778.18	0.788838127209306	5.73105088220732e-31	1	7
ENSG00000155111.14	0.788873466089904	5.67272610005194e-31	1	7
ENSG00000156959.8	0.788931062111931	5.57891311694651e-31	7	1
ENSG00000158856.17	0.788954762602894	5.54075317093686e-31	7	1
ENSG00000055118.14	0.789397186165363	4.87365896060209e-31	7	1
ENSG00000185278.15	0.789513285190127	4.71208170848888e-31	1	7
ENSG00000130770.17	0.789526816572115	4.69359534053733e-31	7	18
ENSG00000067221.13	0.7897699202454	4.37334167726907e-31	7	18
ENSG00000091317.7	0.789778914609977	4.36191378909516e-31	5	10
ENSG00000114439.18	0.789980693557582	4.11310778079986e-31	1	18
ENSG00000101972.18	0.790001392441297	4.08838653521287e-31	1	18
ENSG00000142235.8	0.790054281099108	4.02588050081375e-31	7	18
ENSG00000140750.16	0.790059662892112	4.01957288881271e-31	1	14
ENSG00000218336.8	0.790112972094917	3.95761449412416e-31	7	1
ENSG00000170653.18	0.790125443364194	3.94325564096237e-31	1	7
ENSG00000028528.14	0.790243653257544	3.80966823739855e-31	1	7
ENSG00000115091.11	0.790352755909791	3.6903196820307e-31	3	4
ENSG00000183317.16	0.790391504596224	3.64882136867152e-31	7	18
ENSG00000117016.9	0.790431721104796	3.60623540459178e-31	7	14
ENSG00000113327.15	0.790461482294243	3.57503516370749e-31	7	14
ENSG00000177469.12	0.790468277443808	3.56794867798101e-31	1	11
ENSG00000148356.13	0.790552182822	3.48157378847326e-31	7	9
ENSG00000177380.13	0.790641010143756	3.39236814994715e-31	7	18
ENSG00000197122.11	0.790739949184104	3.29564702809183e-31	7	1
ENSG00000082996.19	0.790819273136169	3.22006051343895e-31	1	7
ENSG00000188573.7	0.790820478442167	3.21892522010197e-31	7	1
ENSG00000107581.12	0.790951788404573	3.09756661246577e-31	1	18
ENSG00000186648.14	0.79097007763733	3.08102371270384e-31	7	18
ENSG00000128482.15	0.791060299464383	3.00067704056734e-31	7	9
ENSG00000134030.13	0.791146402630103	2.92591743805767e-31	7	9
ENSG00000254901.7	0.79119688864417	2.88293595882096e-31	7	18
ENSG00000105649.9	0.791237586947184	2.84873890305827e-31	7	14
ENSG00000147065.16	0.791337314164593	2.76661629596899e-31	10	18
ENSG00000132535.18	0.791412549892722	2.70620360236465e-31	7	1
ENSG00000010278.12	0.791616862489059	2.5486007130847e-31	1	7
ENSG00000184515.10	0.79169406768585	2.4914215531459e-31	7	1
ENSG00000250722.5	0.791701158743422	2.48623339379719e-31	1	7
ENSG00000138448.11	0.791776737359917	2.43159095376203e-31	1	18
ENSG00000267890.1	0.791800080081054	2.41495392731073e-31	7	18
ENSG00000137727.12	0.79182868344191	2.39471974687626e-31	3	14
ENSG00000255686.1	0.791867214582605	2.36772541384811e-31	7	18
ENSG00000105220.14	0.791943680334089	2.31503605081382e-31	7	18
ENSG00000178171.10	0.792003619254421	2.27454071902843e-31	7	1
ENSG00000162105.17	0.792075071664346	2.22717435925107e-31	7	1
ENSG00000132563.15	0.792081533295405	2.22293893374979e-31	7	18
ENSG00000100485.11	0.792228695501051	2.12858997809002e-31	1	7
ENSG00000179195.15	0.792271191705243	2.10208380551424e-31	1	7
ENSG00000125510.15	0.792309153306975	2.07868010258709e-31	7	18
ENSG00000139182.13	0.792394986731882	2.02670165059914e-31	7	1
ENSG00000119771.14	0.79247511228647	1.97933202998962e-31	7	1
ENSG00000129625.12	0.792587873594055	1.91450407884806e-31	3	14
ENSG00000225783.6	0.792661021965521	1.87356927712256e-31	7	9
ENSG00000135119.14	0.792736716473063	1.83211409425314e-31	7	18
ENSG00000004779.9	0.792901278871099	1.74507036550183e-31	14	17
ENSG00000176396.10	0.793029663521773	1.67999287340102e-31	7	14
ENSG00000204065.2	0.793205473271731	1.59472530591141e-31	7	1
ENSG00000183837.9	0.793317179392296	1.54277004443169e-31	7	18
ENSG00000223501.8	0.793338376686951	1.53310029347787e-31	1	13
ENSG00000102158.19	0.793442535032748	1.48644304316104e-31	1	18
ENSG00000151247.12	0.793628360787624	1.40663947755786e-31	3	4
ENSG00000159409.14	0.793907150360336	1.29473795988113e-31	7	1
ENSG00000149179.13	0.79395169637801	1.27768672580162e-31	7	1
ENSG00000176105.13	0.793996397037703	1.26079788657658e-31	1	18
ENSG00000257103.8	0.794049238213897	1.24111582063939e-31	1	18
ENSG00000069966.18	0.794404438966932	1.11642004188242e-31	7	14
ENSG00000105255.10	0.794931718450999	9.53670580747748e-32	7	18
ENSG00000102003.10	0.795291636209392	8.56197417077096e-32	7	14
ENSG00000148180.19	0.795663213954995	7.65833112072197e-32	1	7
ENSG00000130540.13	0.795744437317454	7.47364253347063e-32	7	14
ENSG00000065534.18	0.795778658672229	7.39714420183244e-32	1	7
ENSG00000138663.8	0.795795107818356	7.36064782273937e-32	3	14
ENSG00000162378.12	0.795931061507347	7.06569205701954e-32	7	3
ENSG00000177875.4	0.796080584086977	6.75468584784251e-32	7	1
ENSG00000138071.13	0.796186686428212	6.54218407441583e-32	3	4
ENSG00000119280.16	0.796460037630764	6.02448178392183e-32	1	7
ENSG00000144848.10	0.796635005932024	5.71444363153253e-32	1	7
ENSG00000147533.16	0.796870102819019	5.32239939402781e-32	1	7
ENSG00000172888.11	0.79726742517056	4.71899568706163e-32	1	7
ENSG00000196405.12	0.797271581640542	4.71305258489224e-32	7	18
ENSG00000175352.10	0.797368547538951	4.57647265284901e-32	7	14
ENSG00000133026.12	0.797430557925763	4.49117338216997e-32	7	14
ENSG00000125895.5	0.797571745192443	4.30274002486622e-32	7	9
ENSG00000168032.8	0.797595203581434	4.27219263269714e-32	7	14
ENSG00000112893.9	0.797916184458019	3.87499262690153e-32	1	7
ENSG00000184900.15	0.797926924544136	3.86234903330382e-32	7	14
ENSG00000133789.14	0.797956750276246	3.8274491527726e-32	11	10
ENSG00000145428.14	0.798079935026371	3.68655751747477e-32	7	14
ENSG00000115935.17	0.79819041221889	3.56453833682033e-32	1	7
ENSG00000075399.13	0.798246093577432	3.50455113363622e-32	9	18
ENSG00000182957.15	0.798359015605037	3.3859232987895e-32	1	7
ENSG00000165476.13	0.798673830331078	3.07562313246078e-32	1	7
ENSG00000133789.14	0.798872975230465	2.89393330486771e-32	11	18
ENSG00000104643.9	0.798879374974652	2.88827272116518e-32	3	14
ENSG00000186106.11	0.798900839367111	2.86936667086758e-32	3	14
ENSG00000151948.11	0.798957685403099	2.81988101687167e-32	7	1
ENSG00000136451.8	0.798981370054352	2.7995111432313e-32	1	7
ENSG00000157152.16	0.799050742751355	2.74067495307343e-32	7	14
ENSG00000151948.11	0.799076863582451	2.71883742354152e-32	7	14
ENSG00000134758.13	0.799127301941065	2.67715218997055e-32	1	18
ENSG00000109099.13	0.799217434014491	2.60421826641547e-32	1	7
ENSG00000102158.19	0.799291644420947	2.54563498523311e-32	1	7
ENSG00000150457.8	0.799381869085625	2.47615012257258e-32	11	10
ENSG00000163462.17	0.799387712602172	2.47171460406857e-32	9	18
ENSG00000213190.3	0.79939121097427	2.46906289949186e-32	7	1
ENSG00000184743.12	0.799422446872332	2.44551007590051e-32	1	7
ENSG00000141098.12	0.799532644047937	2.36416616236099e-32	7	1
ENSG00000168522.12	0.799730276474858	2.22488076470517e-32	1	7
ENSG00000115840.13	0.79995359966346	2.0771692714033e-32	7	14
ENSG00000171533.11	0.800213057641095	1.91761830996347e-32	7	1
ENSG00000122824.10	0.800261727299311	1.88905915252699e-32	7	1
ENSG00000262655.3	0.800483482498609	1.76413133010636e-32	6	15
ENSG00000020129.15	0.80052396839287	1.74221546456194e-32	7	14
ENSG00000122862.4	0.800533348875403	1.73717587312614e-32	5	10
ENSG00000100697.14	0.800679340857797	1.6605625700888e-32	1	7
ENSG00000125844.15	0.800737983839668	1.6307305902417e-32	1	7
ENSG00000114573.9	0.800908984937666	1.54671296655303e-32	7	3
ENSG00000107864.14	0.800997105009646	1.50509129350812e-32	7	14
ENSG00000184905.8	0.801082192352948	1.46594623392112e-32	7	1
ENSG00000166111.9	0.801164167984218	1.4291787214317e-32	7	14
ENSG00000161082.12	0.801205456109904	1.41100459472479e-32	7	1
ENSG00000101367.8	0.80126602796723	1.38475204904622e-32	1	18
ENSG00000006432.15	0.801551723301243	1.2672526793253e-32	7	14
ENSG00000005893.15	0.801747892863721	1.19229909774459e-32	1	7
ENSG00000154096.13	0.801900939343699	1.13686043610679e-32	7	14
ENSG00000044115.20	0.802078674483339	1.07564933223503e-32	1	18
ENSG00000077147.14	0.802196659778376	1.03681481229594e-32	4	18
ENSG00000112276.13	0.802459768567643	9.55102770126886e-33	1	7
ENSG00000167549.18	0.802466016539537	9.53241310926444e-33	9	18
ENSG00000163444.11	0.802490522836213	9.45974463674937e-33	3	14
ENSG00000101439.8	0.802845946302292	8.46497837141355e-33	6	15
ENSG00000099814.15	0.802861115552194	8.42488987186167e-33	7	14
ENSG00000158711.13	0.802943892313716	8.20939323718216e-33	1	7
ENSG00000167535.7	0.803219746361022	7.5295872545109e-33	7	1
ENSG00000205090.8	0.803386189495258	7.14647354188093e-33	7	18
ENSG00000253368.3	0.803392622243622	7.13205747814563e-33	7	14
ENSG00000103723.12	0.803508343351245	6.87754452992666e-33	7	9
ENSG00000172009.14	0.803558144192103	6.77077849257174e-33	7	18
ENSG00000046653.14	0.803572262998574	6.74080692537223e-33	1	7
ENSG00000166912.16	0.803706918938852	6.46142403964926e-33	1	7
ENSG00000135932.10	0.803897777567023	6.08481254983967e-33	3	4
ENSG00000159082.17	0.80395455052332	5.97700449088451e-33	7	3
ENSG00000166167.17	0.804516680329571	5.00582624607466e-33	7	14
ENSG00000174684.6	0.804625271650222	4.83694001667878e-33	7	1
ENSG00000067560.10	0.805002775864618	4.29222224149426e-33	1	7
ENSG00000152969.17	0.805126465128189	4.12720708088623e-33	7	1
ENSG00000061918.12	0.805187479803533	4.04811685114264e-33	7	14
ENSG00000135919.12	0.805380280206353	3.80785278800229e-33	6	15
ENSG00000140280.13	0.805396324317521	3.78850196644155e-33	7	1
ENSG00000188647.12	0.805579335307926	3.57448937633297e-33	1	18
ENSG00000184900.15	0.805707658148834	3.43155420914699e-33	7	1
ENSG00000189159.15	0.805782697447931	3.3505861195561e-33	7	1
ENSG00000126777.17	0.806044306988479	3.08270659721273e-33	1	7
ENSG00000158856.17	0.806065546573464	3.0619048574721e-33	7	14
ENSG00000124507.10	0.806397028247702	2.75456360573575e-33	7	14
ENSG00000172020.12	0.806570007194274	2.60642373177152e-33	7	14
ENSG00000166257.8	0.806603133539211	2.57896024201619e-33	7	1
ENSG00000168090.9	0.80660432198186	2.57798025769779e-33	9	18
ENSG00000114388.12	0.806647316470637	2.54277200805012e-33	9	18
ENSG00000188554.13	0.80675022999608	2.46040214635487e-33	1	18
ENSG00000145214.13	0.8068936388246	2.34997389693198e-33	7	18
ENSG00000163013.11	0.806981815065157	2.28450742483455e-33	7	14
ENSG00000139998.14	0.806982264580693	2.28417831301961e-33	7	14
ENSG00000162607.12	0.807122148073514	2.18399189028686e-33	1	18
ENSG00000185352.8	0.80712592474066	2.18134768952906e-33	7	14
ENSG00000163032.11	0.807168133061452	2.1520089156505e-33	7	14
ENSG00000065559.14	0.80721756769546	2.11813950888575e-33	7	3
ENSG00000009307.15	0.807238084037053	2.10423721297864e-33	1	18
ENSG00000022277.12	0.807474136999654	1.95058788909792e-33	1	7
ENSG00000135454.13	0.807486799191279	1.94266481183207e-33	7	1
ENSG00000102078.15	0.807723841384741	1.80004116608195e-33	7	1
ENSG00000158109.14	0.807906541754337	1.6971776325705e-33	7	14
ENSG00000173715.15	0.807939599732917	1.6791921813458e-33	7	18
ENSG00000184743.12	0.808099161257091	1.5949793412894e-33	1	18
ENSG00000103723.12	0.808177531463701	1.55514992864113e-33	7	18
ENSG00000261236.7	0.808221794084885	1.53308794835755e-33	7	18
ENSG00000095564.13	0.808267816547618	1.51047468525818e-33	1	18
ENSG00000171450.5	0.808435116505697	1.4309968522011e-33	7	1
ENSG00000196743.8	0.808530377992579	1.38759172559123e-33	1	7
ENSG00000163704.11	0.809082338178328	1.16039436278549e-33	7	14
ENSG00000119242.8	0.809123737090593	1.14490895420916e-33	7	18
ENSG00000160075.11	0.809164757477308	1.12976531481999e-33	7	1
ENSG00000119335.16	0.809514119829021	1.00851246288091e-33	1	18
ENSG00000145428.14	0.809535706845013	1.00145460229109e-33	7	1
ENSG00000089818.17	0.809611752516325	9.76975717068915e-34	7	1
ENSG00000115762.16	0.809815458664173	9.14261159587671e-34	14	3
ENSG00000135423.12	0.809862352873197	9.00393472829563e-34	7	18
ENSG00000149582.15	0.810045100466949	8.48294428986252e-34	7	18
ENSG00000065559.14	0.810338076931146	7.70883528772881e-34	7	14
ENSG00000083168.9	0.8104407419748	7.45433578220925e-34	1	18
ENSG00000107758.15	0.810620456647318	7.02854893206425e-34	14	3
ENSG00000167770.11	0.810892976377044	6.42805758065386e-34	7	14
ENSG00000204147.9	0.810985632429813	6.23560116225382e-34	7	14
ENSG00000130958.11	0.81126382395242	5.69112970169629e-34	1	7
ENSG00000109381.19	0.811315670504166	5.59494840910092e-34	1	7
ENSG00000125971.16	0.811396760379874	5.44770883026426e-34	7	18
ENSG00000186094.16	0.811894292353245	4.62410748478318e-34	7	14
ENSG00000197381.15	0.812119182451398	4.29320508371217e-34	7	14
ENSG00000214517.9	0.812582393072915	3.68321063460324e-34	7	1
ENSG00000112186.11	0.812879177523175	3.33800378366122e-34	7	14
ENSG00000120265.16	0.812972343877089	3.23634126283582e-34	3	14
ENSG00000120063.9	0.813211510083227	2.98907950267513e-34	1	18
ENSG00000175416.12	0.813365386929834	2.83990292809777e-34	7	18
ENSG00000179915.22	0.813477596716452	2.73575443930952e-34	7	14
ENSG00000176204.13	0.813530227862029	2.68820558426571e-34	7	14
ENSG00000147416.10	0.813574745467088	2.6486210366472e-34	7	14
ENSG00000101460.12	0.813648901889553	2.58394915224788e-34	7	18
ENSG00000155097.11	0.813682229057145	2.55539195245625e-34	3	14
ENSG00000128482.15	0.813709869888771	2.53194252495776e-34	7	18
ENSG00000159753.13	0.813712215945044	2.52996197652639e-34	7	18
ENSG00000118402.5	0.813783711629999	2.47032931452015e-34	7	14
ENSG00000171224.8	0.814316681861075	2.06724052285407e-34	7	1
ENSG00000084764.10	0.814439796264757	1.98374031168821e-34	7	1
ENSG00000183576.12	0.814760789390972	1.78129467956119e-34	1	7
ENSG00000114573.9	0.814909269914043	1.69465201811471e-34	7	14
ENSG00000044115.20	0.814949458399227	1.6719214537097e-34	1	7
ENSG00000138434.16	0.815384269535041	1.44435175869994e-34	1	7
ENSG00000198001.13	0.815804761077861	1.25332328821823e-34	1	7
ENSG00000197885.10	0.815815036608089	1.24898028088709e-34	7	14
ENSG00000061936.9	0.815929570532995	1.20156115790398e-34	1	13
ENSG00000147642.16	0.815963859952176	1.18771181772889e-34	7	1
ENSG00000169169.14	0.816129965600799	1.12281055743008e-34	7	18
ENSG00000116473.14	0.816197100991623	1.09757905693652e-34	1	7
ENSG00000100345.20	0.816299877668046	1.0600274343653e-34	11	10
ENSG00000166206.14	0.816936835348265	8.53900818740831e-35	7	1
ENSG00000087152.15	0.817106068373123	8.06111531058402e-35	7	14
ENSG00000170185.9	0.817264555693297	7.63743534187925e-35	1	18
ENSG00000112232.8	0.817319321638913	7.49617727544858e-35	7	14
ENSG00000075340.22	0.817514739307045	7.01273652607343e-35	7	14
ENSG00000129355.6	0.817584152275029	6.84849622233503e-35	7	14
ENSG00000131507.10	0.818106221706933	5.72854183028935e-35	7	3
ENSG00000132359.14	0.818231718686725	5.48737913400967e-35	7	1
ENSG00000104375.15	0.818271948799312	5.41220226231192e-35	1	18
ENSG00000101266.17	0.818300322687261	5.35978997332586e-35	3	4
ENSG00000042753.11	0.818421086621091	5.14223498659407e-35	7	18
ENSG00000060709.14	0.818448925938526	5.093326260819e-35	7	1
ENSG00000138434.16	0.818638060371462	4.7729355023661e-35	1	18
ENSG00000144040.12	0.819426957781762	3.63696209534446e-35	6	15
ENSG00000180370.10	0.819731086180043	3.27398428252447e-35	1	18
ENSG00000283183.1	0.819785959939632	3.21239265034269e-35	7	18
ENSG00000149582.15	0.819977300460252	3.00639931142824e-35	7	1
ENSG00000171160.17	0.820018152438218	2.96412950869949e-35	7	1
ENSG00000120690.15	0.820045255958277	2.936407980816e-35	1	18
ENSG00000143155.12	0.820190846237537	2.79179925001607e-35	3	14
ENSG00000082458.11	0.820370405424693	2.6230555015884e-35	7	14
ENSG00000198863.7	0.82063017916233	2.3965212983181e-35	7	1
ENSG00000144834.13	0.821222062685405	1.94970502586402e-35	7	1
ENSG00000119537.15	0.821458712035211	1.79492824746097e-35	1	7
ENSG00000164209.16	0.821516153430025	1.75921880710666e-35	3	4
ENSG00000133169.5	0.821811338510849	1.58643440114612e-35	7	1
ENSG00000073921.17	0.821854666684551	1.56251758533936e-35	1	18
ENSG00000125966.9	0.822259468755147	1.35550989028758e-35	7	14
ENSG00000069966.18	0.822409940870031	1.28564037690406e-35	7	1
ENSG00000109787.12	0.823511324403223	8.71425862399968e-36	1	18
ENSG00000166913.12	0.824198998537326	6.82628815943431e-36	14	3
ENSG00000185774.14	0.824212892009799	6.79262061201862e-36	7	14
ENSG00000075340.22	0.824292041866858	6.60390804736502e-36	7	1
ENSG00000163995.19	0.824348424370001	6.47262883626661e-36	7	1
ENSG00000184368.15	0.824488124531792	6.15829897800853e-36	7	14
ENSG00000119950.20	0.824837855025355	5.4356638856572e-36	1	7
ENSG00000067191.15	0.825024760628317	5.08432005766833e-36	7	1
ENSG00000182253.14	0.825026873274864	5.08047907092997e-36	1	7
ENSG00000129244.8	0.825107590836722	4.93584267002709e-36	6	15
ENSG00000139200.13	0.825508201306489	4.27574512002735e-36	7	1
ENSG00000028116.16	0.825700974825549	3.98981299629138e-36	1	7
ENSG00000213760.10	0.825790180096487	3.86393857031422e-36	7	14
ENSG00000147649.9	0.826273679914959	3.24662399354816e-36	1	18
ENSG00000091157.13	0.826508597316022	2.98274946801235e-36	7	14
ENSG00000213190.3	0.826563052478817	2.92465672923732e-36	7	14
ENSG00000162706.12	0.827165957795454	2.35127396234821e-36	7	1
ENSG00000079691.17	0.828063023625875	1.69672192446359e-36	6	15
ENSG00000136878.12	0.82810078513994	1.67350963825819e-36	7	18
ENSG00000115657.12	0.828294697791314	1.55913666293569e-36	9	18
ENSG00000105737.9	0.829115858026446	1.15415612433505e-36	7	1
ENSG00000165995.18	0.829378649612194	1.04789077802085e-36	7	1
ENSG00000105696.8	0.829527172487563	9.92147232974813e-37	7	1
ENSG00000104859.14	0.829816704905059	8.91725761608563e-37	1	13
ENSG00000157483.8	0.830230727549234	7.65257585869001e-37	1	7
ENSG00000113758.13	0.830282140043786	7.50838899213867e-37	7	1
ENSG00000067842.17	0.830395778172709	7.19909211769804e-37	7	14
ENSG00000067715.13	0.830971012013775	5.81556389581831e-37	7	14
ENSG00000109832.13	0.831053276228298	5.64037892997833e-37	7	1
ENSG00000164061.4	0.83178366540689	4.29590239061482e-37	7	14
ENSG00000156515.21	0.832045050657325	3.89580002501623e-37	7	1
ENSG00000156735.10	0.832082182173234	3.84201734824361e-37	7	14
ENSG00000166681.13	0.832140709533706	3.75872167291045e-37	7	1
ENSG00000185896.10	0.832182454460667	3.70039718656751e-37	1	7
ENSG00000130203.9	0.832320119007165	3.51428772079593e-37	6	15
ENSG00000104412.7	0.832693236333796	3.0548748831773e-37	1	7
ENSG00000100427.15	0.833076125518202	2.64484299638228e-37	6	15
ENSG00000186522.14	0.833088322357067	2.63271221099042e-37	1	7
ENSG00000133134.11	0.833499685431876	2.2540965258075e-37	7	1
ENSG00000175175.5	0.833558924112974	2.20417924161605e-37	7	14
ENSG00000196405.12	0.834213952168025	1.71969357357452e-37	7	9
ENSG00000145087.12	0.834230746681326	1.70875999480626e-37	7	14
ENSG00000084093.16	0.834505439439041	1.53932606630865e-37	1	7
ENSG00000076826.9	0.834628126178687	1.46909127515693e-37	7	18
ENSG00000157064.10	0.834760875741968	1.3966406859721e-37	7	14
ENSG00000248487.8	0.835251373470116	1.15813737880692e-37	7	18
ENSG00000176788.8	0.835553718516814	1.03156831166575e-37	7	14
ENSG00000072832.14	0.835966000920636	8.8063368405103e-38	7	1
ENSG00000111674.8	0.83599612192064	8.70499384604863e-38	7	14
ENSG00000156345.17	0.836165481691546	8.15615431214045e-38	7	1
ENSG00000102096.9	0.836517119520426	7.12293389249552e-38	7	1
ENSG00000148672.8	0.836648433145496	6.7710385990445e-38	6	15
ENSG00000144224.16	0.836694260194503	6.65229760365694e-38	1	18
ENSG00000084444.13	0.837554399643597	4.76774891436053e-38	7	14
ENSG00000143418.19	0.837718517443906	4.47317785283027e-38	1	7
ENSG00000040933.15	0.837781172309814	4.36550136322911e-38	7	14
ENSG00000167842.15	0.837838739805066	4.26881513887094e-38	1	7
ENSG00000084093.16	0.838147566468417	3.78496652192242e-38	1	18
ENSG00000159658.10	0.839674932485411	2.07992794753029e-38	1	18
ENSG00000158711.13	0.841167552372462	1.1516052795062e-38	1	18
ENSG00000196975.15	0.842278926398365	7.38599157004051e-39	1	7
ENSG00000134352.19	0.842448466465028	6.9000386904873e-39	1	18
ENSG00000104728.15	0.842453832408533	6.88518268536473e-39	1	7
ENSG00000172466.15	0.842479092883077	6.81566840436124e-39	1	7
ENSG00000155858.5	0.842601342636903	6.48887550258162e-39	7	14
ENSG00000136531.15	0.843016240170361	5.49050299272594e-39	7	14
ENSG00000108510.9	0.843172166312144	5.15572014879981e-39	1	18
ENSG00000102699.5	0.843204220551959	5.08942603175025e-39	1	7
ENSG00000136160.14	0.843981248053778	3.7156473491259e-39	6	15
ENSG00000100320.22	0.844041749852761	3.6254707700326e-39	7	14
ENSG00000154917.10	0.844331644204984	3.22237194481617e-39	7	14
ENSG00000104904.12	0.844443269203394	3.07919618259198e-39	7	14
ENSG00000169006.6	0.845829193076837	1.74609525600305e-39	6	15
ENSG00000080493.15	0.846342633954052	1.41312118491305e-39	6	15
ENSG00000103269.13	0.846365870474451	1.39962892446199e-39	7	18
ENSG00000181754.6	0.846417501836079	1.37010077926388e-39	7	14
ENSG00000131507.10	0.84797216531096	7.18302348172374e-40	7	14
ENSG00000049245.12	0.8482870564991	6.29683291729453e-40	1	7
ENSG00000148925.10	0.848482244956452	5.80243410113815e-40	14	3
ENSG00000173137.11	0.848523817639398	5.70216996589456e-40	9	18
ENSG00000006740.16	0.848710192271723	5.27320760837574e-40	7	14
ENSG00000169871.12	0.848902202108803	4.86446128989916e-40	1	7
ENSG00000118276.11	0.848972549737044	4.72263892606729e-40	7	14
ENSG00000198794.11	0.849007242487227	4.65420172409248e-40	7	14
ENSG00000176454.13	0.84955390788923	3.69607090433911e-40	7	18
ENSG00000159082.17	0.849652150686821	3.54574939882536e-40	7	14
ENSG00000104375.15	0.849765955693771	3.37911736254086e-40	1	7
ENSG00000121742.16	0.85016378869069	2.85489068425657e-40	6	15
ENSG00000159658.10	0.850175343449418	2.84092568519087e-40	1	7
ENSG00000122733.12	0.850401082828665	2.58118282673197e-40	7	14
ENSG00000101152.10	0.85080547534173	2.17295412544922e-40	7	14
ENSG00000184117.11	0.850867070546183	2.11661953558422e-40	7	14
ENSG00000215012.8	0.851548912494564	1.58131192998351e-40	7	18
ENSG00000165943.4	0.851798023561594	1.42100849624697e-40	7	14
ENSG00000171703.16	0.852492427331537	1.05377217064537e-40	7	18
ENSG00000085433.15	0.85299363503716	8.48415723563125e-41	14	3
ENSG00000255690.2	0.853049933595899	8.27966441977202e-41	6	15
ENSG00000142864.14	0.853234880124733	7.64139620882577e-41	1	18
ENSG00000167778.8	0.853950193333553	5.59720454900009e-41	7	14
ENSG00000132639.12	0.854058241946391	5.3393230834913e-41	7	14
ENSG00000186047.9	0.854634313558675	4.14943652661711e-41	7	14
ENSG00000124795.14	0.855312680810092	3.0792221276039e-41	1	18
ENSG00000204128.5	0.856877034601812	1.53872132688469e-41	6	15
ENSG00000110427.14	0.857316345528742	1.26446960864263e-41	7	14
ENSG00000144290.16	0.857557821095518	1.13481928700038e-41	7	14
ENSG00000196876.15	0.857749303428253	1.04138232575599e-41	7	14
ENSG00000110436.11	0.858216557784665	8.43958659204073e-42	6	15
ENSG00000116747.12	0.861063215153161	2.30680528789689e-42	1	18
ENSG00000144959.9	0.861320722677386	2.04850966766092e-42	7	14
ENSG00000183785.14	0.862651459573722	1.10473435791532e-42	7	14
ENSG00000100321.14	0.865270396495745	3.21484434085228e-43	7	14
ENSG00000067560.10	0.866437499144074	1.8391363244161e-43	1	18
ENSG00000008282.8	0.868858288780561	5.67742468270938e-44	1	7
ENSG00000128245.14	0.86953643078281	4.0675309931809e-44	7	14
ENSG00000240184.6	0.869828831274422	3.52076359312891e-44	6	15
ENSG00000145545.11	0.872080281192855	1.14488381214698e-44	7	14
ENSG00000169169.14	0.873020649189382	7.11619015548888e-45	7	9
ENSG00000187672.12	0.874101269157925	4.10103299240665e-45	7	14
ENSG00000128739.21	0.874782770383518	2.88938258366014e-45	7	14
ENSG00000109738.10	0.874999103535814	2.58428747357401e-45	7	14
ENSG00000146005.3	0.875575028051758	1.91813257617183e-45	6	15
ENSG00000104863.11	0.876433730853362	1.2264550119222e-45	7	18
ENSG00000065609.14	0.87752669896237	6.90768485406055e-46	7	14
ENSG00000112640.14	0.879268363149083	2.73570383208511e-46	7	14
ENSG00000273079.5	0.879390241542129	2.56263723468529e-46	7	14
ENSG00000120053.10	0.879569879118481	2.32701253703049e-46	7	14
ENSG00000068078.17	0.882532570441955	4.63600775950281e-47	6	15
ENSG00000132879.13	0.883066623363074	3.45014091316915e-47	7	18
ENSG00000135316.17	0.886574008303457	4.77883498761693e-48	1	18
ENSG00000149575.5	0.889491602636315	8.77675585941672e-49	7	14
ENSG00000073969.18	0.899009857492716	2.45665595151256e-51	7	14
ENSG00000132164.9	0.901983127866914	3.46996277028627e-52	6	15
ENSG00000142686.7	0.902899121718542	1.87482160087234e-52	7	14
ENSG00000169504.14	0.906990953945592	1.10978349177025e-53	1	18
ENSG00000125814.17	0.914889475262855	3.2063047985116e-56	7	14
ENSG00000213424.8	0.91555840965955	1.90416921087227e-56	7	14
ENSG00000160014.16	0.920726477260406	2.92073182869147e-58	7	14
ENSG00000170027.6	0.924203780294111	1.49252621064188e-59	7	14
ENSG00000084731.14	0.924892036217064	8.14653808000985e-60	7	14
