gene	corr	pvalue	gene_mod	pc_mod
ENSG00000097021.19	0.753310751529977	1.21478037094551e-29	1	5
ENSG00000173039.18	0.753334784027021	1.20698760428308e-29	12	1
ENSG00000182173.12	0.753358861770732	1.19922940784644e-29	6	13
ENSG00000023697.12	0.753380207583597	1.19239245014583e-29	5	1
ENSG00000053438.8	0.75338478609714	1.19093096900755e-29	1	2
ENSG00000112137.17	0.753391979249998	1.18863843629229e-29	1	12
ENSG00000067141.16	0.753413893011444	1.18168097506661e-29	2	12
ENSG00000176165.10	0.753440503883388	1.17328597471419e-29	1	12
ENSG00000203877.8	0.753472570476319	1.16324763788779e-29	1	12
ENSG00000073969.18	0.753496901529077	1.15568721517421e-29	1	2
ENSG00000198729.4	0.753547137849849	1.14022958029868e-29	1	12
ENSG00000165868.13	0.753597591924948	1.12490936981573e-29	1	12
ENSG00000111218.11	0.753690232228045	1.09730407647759e-29	1	5
ENSG00000182158.14	0.753729888534213	1.08569152894753e-29	2	1
ENSG00000167193.7	0.753752440898381	1.07914145354195e-29	5	8
ENSG00000174996.11	0.753753948434312	1.07870499362005e-29	1	5
ENSG00000180543.4	0.753787661660055	1.06898954971574e-29	1	2
ENSG00000141750.6	0.75379213712093	1.06770629486547e-29	1	12
ENSG00000107745.17	0.753819914844675	1.05977532144995e-29	1	12
ENSG00000115694.14	0.753858369745242	1.04889126798515e-29	1	5
ENSG00000055118.14	0.75387004098585	1.04560967833457e-29	1	12
ENSG00000109099.13	0.753889496545907	1.0401617813022e-29	2	1
ENSG00000008324.11	0.7539432220487	1.02526207567996e-29	1	12
ENSG00000128203.6	0.753959402679789	1.02081591429893e-29	1	5
ENSG00000099364.16	0.753961083825643	1.02035505153781e-29	1	12
ENSG00000144749.13	0.754003109373577	1.00890050662553e-29	4	12
ENSG00000171450.5	0.754021691859512	1.00387599506299e-29	1	12
ENSG00000115657.12	0.754042901541372	9.98171147139795e-30	1	13
ENSG00000157693.14	0.754044392287763	9.97771375291918e-30	1	12
ENSG00000062282.14	0.754104501394731	9.81782325851842e-30	1	12
ENSG00000112514.15	0.754212454954799	9.53696042479735e-30	1	12
ENSG00000124493.13	0.754214350944105	9.53209882761398e-30	1	12
ENSG00000091317.7	0.75442864129825	8.99802697443286e-30	12	5
ENSG00000160190.13	0.754450615005142	8.94495298482273e-30	1	2
ENSG00000162599.15	0.754474333501573	8.88800978134138e-30	4	12
ENSG00000158301.18	0.754577427370688	8.6446119638323e-30	1	2
ENSG00000135439.11	0.754580286901362	8.6379549677984e-30	1	12
ENSG00000197965.11	0.75459480727477	8.60422911509067e-30	5	12
ENSG00000167081.16	0.754616933378011	8.55308630135043e-30	1	12
ENSG00000092820.17	0.754695314907918	8.37430420359854e-30	4	9
ENSG00000120899.17	0.754702357135291	8.35842231567449e-30	1	2
ENSG00000152583.12	0.754950836619275	7.81659024665528e-30	4	9
ENSG00000188786.9	0.754958013599916	7.80146413287898e-30	2	1
ENSG00000108510.9	0.755036692832584	7.63751438113604e-30	5	8
ENSG00000159674.11	0.755041241261798	7.62814065810142e-30	1	5
ENSG00000157870.14	0.755127211723298	7.45307701711719e-30	1	2
ENSG00000165238.16	0.755207905567544	7.2923516430121e-30	1	5
ENSG00000106976.20	0.755295841762993	7.12107643908005e-30	1	5
ENSG00000166681.13	0.755312142075603	7.08976493725322e-30	1	2
ENSG00000169813.16	0.75532220465459	7.07050313448071e-30	12	1
ENSG00000141026.5	0.755327557056096	7.06027851102482e-30	1	2
ENSG00000147065.16	0.755378050980619	6.96453258841369e-30	12	1
ENSG00000104419.14	0.755388549375856	6.94478640702372e-30	2	1
ENSG00000103197.16	0.755568787245005	6.61423251633859e-30	13	3
ENSG00000102780.16	0.755581407990638	6.59167410738066e-30	1	2
ENSG00000198046.11	0.755592746295518	6.57147239365069e-30	1	12
ENSG00000167671.11	0.755603303846105	6.55271644853634e-30	1	5
ENSG00000038210.12	0.755607361131741	6.54552249976869e-30	5	1
ENSG00000134602.15	0.755660563182922	6.451904997178e-30	1	12
ENSG00000179546.4	0.755683042743449	6.41274502310828e-30	1	2
ENSG00000122783.16	0.755768540786232	6.2659263090614e-30	2	1
ENSG00000127586.16	0.755784835740922	6.23832132909906e-30	1	13
ENSG00000018408.14	0.755790416900016	6.22889388237467e-30	4	5
ENSG00000174516.14	0.755796769762425	6.21817993751728e-30	1	12
ENSG00000241360.1	0.755815504871821	6.18668893166434e-30	1	12
ENSG00000196730.12	0.755853501235474	6.12330277976426e-30	1	2
ENSG00000145214.13	0.755939599669667	5.98202289265755e-30	1	5
ENSG00000105223.19	0.755975414738152	5.92420099036061e-30	1	5
ENSG00000139668.8	0.756037301809097	5.82557810645053e-30	2	1
ENSG00000101367.8	0.756113766611529	5.70594923907504e-30	4	1
ENSG00000166816.13	0.756161679277859	5.63222322863079e-30	4	9
ENSG00000250571.6	0.756210253865611	5.55843399992758e-30	1	8
ENSG00000107854.5	0.75628325358685	5.44932319273894e-30	5	8
ENSG00000113615.12	0.75628706909874	5.44367846763928e-30	5	8
ENSG00000123570.3	0.756298060368757	5.4274499013963e-30	1	2
ENSG00000167770.11	0.756384989035053	5.30076325315076e-30	1	5
ENSG00000186591.11	0.756412738310739	5.26093747212068e-30	4	12
ENSG00000120053.10	0.756452716373618	5.20407716740544e-30	1	12
ENSG00000132825.6	0.756496933367561	5.14189078702544e-30	4	12
ENSG00000196581.10	0.756525043897946	5.1027365185281e-30	1	12
ENSG00000173145.11	0.756563084416557	5.05021704409882e-30	2	1
ENSG00000149654.9	0.756577999220363	5.02977059397389e-30	1	12
ENSG00000116266.10	0.756610068310536	4.98608260065473e-30	2	5
ENSG00000158445.9	0.75661522451441	4.97909312992788e-30	1	12
ENSG00000108947.4	0.756624169725507	4.96699030940759e-30	1	2
ENSG00000130770.17	0.756649927312359	4.93230160690417e-30	1	2
ENSG00000135473.14	0.756677212532418	4.89581512725639e-30	2	6
ENSG00000111783.12	0.756679297690449	4.89303773143868e-30	4	12
ENSG00000175229.6	0.756707275819232	4.85592069016104e-30	1	12
ENSG00000119318.12	0.756718512384617	4.84109172246721e-30	3	6
ENSG00000091622.15	0.756759090453552	4.78791000793444e-30	1	2
ENSG00000188573.7	0.756802716780393	4.73137332824385e-30	1	5
ENSG00000123064.12	0.756911046941508	4.59380542958114e-30	1	5
ENSG00000107518.16	0.756953084721111	4.54148667154469e-30	1	12
ENSG00000176438.12	0.757023317561094	4.4553801270323e-30	2	1
ENSG00000150995.18	0.757120730433151	4.33859962921982e-30	1	12
ENSG00000164885.12	0.757158286466101	4.29438431389102e-30	1	5
ENSG00000156395.12	0.757183597836241	4.26483482095352e-30	1	2
ENSG00000172031.6	0.757235079445747	4.2053480429223e-30	1	12
ENSG00000150093.18	0.757249449233623	4.18888981824875e-30	2	1
ENSG00000170500.12	0.757260993207129	4.17571394235685e-30	1	2
ENSG00000049769.12	0.757262611202282	4.17387047662633e-30	1	12
ENSG00000185658.13	0.757270299885244	4.16512128107091e-30	1	2
ENSG00000267002.2	0.75734838767857	4.07727704073383e-30	1	5
ENSG00000149243.15	0.757449851927373	3.96584963917831e-30	1	12
ENSG00000114626.17	0.757515915884466	3.89491219876091e-30	1	5
ENSG00000150457.8	0.757522508703496	3.88790180806757e-30	2	12
ENSG00000168016.13	0.757565105133537	3.84290523577334e-30	1	12
ENSG00000049449.8	0.75769500433626	3.70882184017202e-30	1	2
ENSG00000167074.14	0.757714092791452	3.6895097931357e-30	1	2
ENSG00000282033.1	0.757717828116813	3.68574228655666e-30	1	12
ENSG00000136950.13	0.757739680931035	3.663776806452e-30	1	2
ENSG00000273238.1	0.757743075976581	3.66037581732256e-30	1	12
ENSG00000100836.10	0.757818674671776	3.58544305010657e-30	6	3
ENSG00000198354.6	0.758026176786571	3.38742670636871e-30	1	12
ENSG00000168135.4	0.758066376358385	3.3503264504769e-30	1	12
ENSG00000130202.9	0.758173337124558	3.25354504025231e-30	12	10
ENSG00000079805.16	0.758269165312895	3.16917254511315e-30	2	1
ENSG00000270111.2	0.758297936504787	3.14426295697985e-30	1	12
ENSG00000131626.16	0.758329416297924	3.11722861924605e-30	4	12
ENSG00000160460.15	0.758377292644242	3.07655030478389e-30	1	5
ENSG00000267060.5	0.758382337175095	3.07229468720724e-30	1	5
ENSG00000204851.6	0.758432629209086	3.03018274959893e-30	1	5
ENSG00000160323.18	0.758469212192104	2.99990680830275e-30	1	13
ENSG00000047249.17	0.758478721427506	2.99208578287647e-30	1	2
ENSG00000166448.14	0.758554264604223	2.93066154906558e-30	1	5
ENSG00000188368.9	0.758554965850272	2.93009720802335e-30	1	12
ENSG00000122515.14	0.758591402131069	2.90092082979648e-30	1	13
ENSG00000166257.8	0.758643767634475	2.85948829728444e-30	1	12
ENSG00000173852.14	0.758717165934402	2.80239106204589e-30	5	12
ENSG00000172575.11	0.758778498112927	2.75554028444193e-30	1	2
ENSG00000117069.14	0.758808939722932	2.73257294786437e-30	1	12
ENSG00000204314.10	0.758810243006878	2.73159386595901e-30	1	5
ENSG00000116478.11	0.758865243209846	2.69058803347556e-30	2	12
ENSG00000184743.12	0.758929459415747	2.64347586356901e-30	2	5
ENSG00000174306.21	0.758961014183449	2.62062360487501e-30	4	9
ENSG00000163995.19	0.758961228264832	2.62046922982019e-30	1	5
ENSG00000079482.12	0.75902219569487	2.57686691264636e-30	4	9
ENSG00000169499.14	0.75903464994142	2.56804802249233e-30	1	2
ENSG00000132670.20	0.759051316048835	2.55629306828971e-30	4	9
ENSG00000187079.16	0.759127412235656	2.50328899320464e-30	4	5
ENSG00000102024.17	0.759131638761019	2.50037690648339e-30	2	1
ENSG00000133265.10	0.75918825521112	2.46168740254904e-30	1	12
ENSG00000135423.12	0.759215327091911	2.44339594601241e-30	1	5
ENSG00000177169.9	0.759292981418978	2.39166536206157e-30	1	5
ENSG00000044115.20	0.759298651279798	2.38793072848939e-30	2	1
ENSG00000015133.18	0.759309201671424	2.38099661988837e-30	1	5
ENSG00000163704.11	0.759319246353645	2.374413263926e-30	1	5
ENSG00000118276.11	0.759378955669791	2.3356468136598e-30	1	12
ENSG00000185008.17	0.75944847312916	2.29129526703943e-30	1	12
ENSG00000169884.13	0.759497306219062	2.26063592945297e-30	1	5
ENSG00000137720.7	0.759505536250603	2.25550862598818e-30	1	2
ENSG00000089818.17	0.759590264990002	2.20338241426918e-30	1	2
ENSG00000074356.16	0.759598723688953	2.19824394686184e-30	2	6
ENSG00000102409.9	0.759661980375623	2.16018833105871e-30	1	12
ENSG00000172031.6	0.759662465294274	2.15989911525881e-30	1	2
ENSG00000172466.15	0.759693577678585	2.14142232210575e-30	2	1
ENSG00000160299.16	0.759698863488872	2.13829869198114e-30	1	12
ENSG00000188566.13	0.759699788831587	2.13775232465759e-30	2	6
ENSG00000184672.11	0.759715429927204	2.1285377844484e-30	1	12
ENSG00000187676.7	0.759716897959665	2.12767493723439e-30	1	2
ENSG00000121905.9	0.759783388127207	2.08895296620042e-30	1	12
ENSG00000151948.11	0.759788722401046	2.08587660678026e-30	1	2
ENSG00000133169.5	0.759838621931624	2.05731345743373e-30	1	2
ENSG00000102096.9	0.759868052517008	2.04064750682766e-30	1	2
ENSG00000148408.12	0.760059374072027	1.93549385641239e-30	1	12
ENSG00000100294.12	0.76015511896602	1.88488792084357e-30	1	2
ENSG00000143590.13	0.760192966622478	1.86524401572963e-30	1	5
ENSG00000186642.15	0.760275764477237	1.82296836270894e-30	1	12
ENSG00000174938.14	0.760433131218056	1.74519720765663e-30	1	12
ENSG00000138663.8	0.760439372899517	1.74218070529942e-30	3	6
ENSG00000198626.15	0.760565733818667	1.68220232082711e-30	1	12
ENSG00000226137.5	0.760620831485073	1.65668917733683e-30	1	2
ENSG00000100427.15	0.760688359691073	1.62593802850588e-30	4	9
ENSG00000104859.14	0.76069060628843	1.62492466487688e-30	2	3
ENSG00000165752.16	0.760725642111341	1.60920124811652e-30	1	5
ENSG00000068903.19	0.76078927360127	1.58102595488262e-30	2	1
ENSG00000169184.5	0.760797943325821	1.57722480822168e-30	1	2
ENSG00000198216.10	0.760825361314429	1.56526268243077e-30	1	5
ENSG00000073712.14	0.761012705678526	1.4858783642149e-30	4	5
ENSG00000111674.8	0.761023952092752	1.48124080073888e-30	1	5
ENSG00000104863.11	0.761166316017956	1.42375073293327e-30	1	5
ENSG00000124772.11	0.761183628746605	1.41691068921153e-30	1	2
ENSG00000174938.14	0.761209946434473	1.40657468863575e-30	1	5
ENSG00000119414.11	0.761250122610547	1.39093859546912e-30	5	8
ENSG00000196368.4	0.76132255793925	1.36317792063846e-30	1	12
ENSG00000261340.1	0.761325948164705	1.36189204498418e-30	1	2
ENSG00000167323.11	0.761329369929575	1.36059541504453e-30	1	2
ENSG00000148925.10	0.761361838388667	1.34835214046179e-30	1	2
ENSG00000151778.10	0.761391965970558	1.33708841002108e-30	1	12
ENSG00000083312.17	0.761437227313709	1.32034019150222e-30	5	8
ENSG00000136261.14	0.761459709517369	1.31209780184004e-30	1	12
ENSG00000115155.16	0.761463067620075	1.3108710064149e-30	1	5
ENSG00000148700.14	0.761524566913163	1.28860209177279e-30	4	5
ENSG00000131504.15	0.761601812154776	1.26115752598382e-30	1	2
ENSG00000166924.8	0.761622606274138	1.25386818177952e-30	1	12
ENSG00000067221.13	0.76163203528795	1.25057651082625e-30	1	2
ENSG00000182054.9	0.761647078863102	1.24534236353595e-30	4	9
ENSG00000204116.11	0.761660046158596	1.2408478962418e-30	1	12
ENSG00000112232.8	0.761688003010342	1.23121218734956e-30	1	2
ENSG00000171246.5	0.761728599524649	1.21735078708224e-30	1	12
ENSG00000105143.12	0.761790850412257	1.19639291212699e-30	1	12
ENSG00000133789.14	0.761848849785304	1.17718557313387e-30	2	1
ENSG00000165724.5	0.761896796846145	1.16153620033439e-30	1	5
ENSG00000105397.13	0.761935184463405	1.1491543989853e-30	6	3
ENSG00000124194.16	0.761958680474409	1.14163990432822e-30	1	12
ENSG00000183401.11	0.761976056234605	1.13611385849372e-30	2	6
ENSG00000133313.14	0.761988562811034	1.13215264056888e-30	2	1
ENSG00000204052.4	0.761997683160867	1.12927250300946e-30	1	5
ENSG00000143149.12	0.762031168789727	1.11875959041603e-30	4	9
ENSG00000178234.12	0.762090165868407	1.10047071166163e-30	1	2
ENSG00000102078.15	0.762103968824858	1.09623442695702e-30	1	5
ENSG00000166342.18	0.762170262486939	1.07611036198906e-30	1	12
ENSG00000174446.12	0.762230598975639	1.05811039334985e-30	1	2
ENSG00000114023.15	0.762256462663156	1.05048544874865e-30	1	2
ENSG00000156411.9	0.762268613212643	1.04692197366335e-30	1	12
ENSG00000155304.5	0.762315027222824	1.03341881084186e-30	3	6
ENSG00000130175.9	0.762321259213329	1.03161882558139e-30	2	6
ENSG00000179542.15	0.762362688478619	1.01973086571497e-30	1	12
ENSG00000105393.15	0.762377008991639	1.01565303496355e-30	1	12
ENSG00000127249.14	0.762511213935734	9.78207847376209e-31	4	9
ENSG00000103978.15	0.762598285514504	9.54642516999046e-31	2	5
ENSG00000205629.11	0.762603718667149	9.53190700919928e-31	1	2
ENSG00000249853.7	0.762649595317321	9.41017975559464e-31	1	12
ENSG00000152952.11	0.76265981216017	9.38327943514681e-31	4	12
ENSG00000186960.10	0.762752337296437	9.14308120749913e-31	1	12
ENSG00000136451.8	0.762784505865245	9.06099405495433e-31	2	5
ENSG00000172803.17	0.762818246649524	8.97567293172089e-31	1	5
ENSG00000125462.16	0.762837611902965	8.92706057511629e-31	4	9
ENSG00000036530.8	0.762840968940187	8.91865979241052e-31	1	12
ENSG00000204052.4	0.762871147541631	8.84348756065118e-31	1	12
ENSG00000147246.9	0.762964554037312	8.61474325528187e-31	1	2
ENSG00000183778.17	0.763088579871039	8.31997743490857e-31	1	12
ENSG00000071189.21	0.763166532467182	8.13980654202439e-31	5	8
ENSG00000181418.7	0.763187079280608	8.09295880300461e-31	1	12
ENSG00000257151.1	0.763217746997957	8.0235272489002e-31	1	12
ENSG00000158062.20	0.763229917777624	7.99613516742255e-31	1	5
ENSG00000171132.13	0.763280507770054	7.88325642581125e-31	1	12
ENSG00000130590.13	0.763400981941047	7.6207137897218e-31	1	5
ENSG00000125851.9	0.763458226680399	7.49899301206456e-31	1	12
ENSG00000196937.10	0.763476738496921	7.46004116542972e-31	1	3
ENSG00000198598.6	0.763514424182443	7.38135761649793e-31	1	5
ENSG00000204851.6	0.763534691886219	7.33937863866283e-31	1	12
ENSG00000113658.16	0.763550462871082	7.30687572342504e-31	5	1
ENSG00000260807.6	0.76370824145682	6.98939068502013e-31	1	13
ENSG00000133026.12	0.763787938034796	6.834215668976e-31	1	12
ENSG00000105355.8	0.7638686013176	6.68060591429274e-31	12	1
ENSG00000067955.13	0.763882469078986	6.6545409895692e-31	2	1
ENSG00000123360.11	0.76390733908742	6.60804698803909e-31	1	12
ENSG00000214517.9	0.763907911270625	6.60698106700645e-31	1	12
ENSG00000146267.11	0.763908549778078	6.60579178984793e-31	1	12
ENSG00000126016.15	0.763931867958576	6.56250338966581e-31	4	9
ENSG00000250067.11	0.76395580105251	6.51836328166173e-31	1	5
ENSG00000130540.13	0.764001671850006	6.43457692488392e-31	1	12
ENSG00000115423.18	0.764007513938283	6.42398217696618e-31	1	12
ENSG00000184845.3	0.764012394072212	6.4151450924286e-31	1	12
ENSG00000130396.20	0.764033257684611	6.37749915749828e-31	2	1
ENSG00000159685.10	0.76421969015871	6.05059652429756e-31	1	2
ENSG00000171533.11	0.764269358953856	5.96631819719347e-31	1	5
ENSG00000165752.16	0.764299544006063	5.91566456796718e-31	1	2
ENSG00000018408.14	0.764316553596315	5.88730709555218e-31	4	12
ENSG00000169813.16	0.764340091252528	5.84828653945142e-31	12	5
ENSG00000104325.6	0.764359274522968	5.81667267630994e-31	4	9
ENSG00000069966.18	0.764536247459853	5.53283039615225e-31	1	12
ENSG00000099960.12	0.764603863629478	5.42801413040219e-31	1	12
ENSG00000101746.15	0.764665028948755	5.33487985454928e-31	1	2
ENSG00000134970.13	0.764764009830385	5.18748078807593e-31	5	8
ENSG00000128739.21	0.764793987543084	5.14363370694827e-31	1	2
ENSG00000132541.10	0.764844118119993	5.07112212449215e-31	4	9
ENSG00000141556.20	0.764895254756379	4.99819022169571e-31	1	8
ENSG00000111674.8	0.764913472620877	4.97245737557267e-31	1	12
ENSG00000167978.16	0.764920323631277	4.96281399710622e-31	6	3
ENSG00000173726.10	0.764927878795103	4.95220076630579e-31	1	12
ENSG00000157219.3	0.764948603817471	4.92320132903018e-31	1	12
ENSG00000133134.11	0.765252884260803	4.5161595977407e-31	1	12
ENSG00000104290.10	0.765253881022333	4.51488212905401e-31	1	2
ENSG00000152214.12	0.765268693828961	4.4959395404413e-31	1	12
ENSG00000135318.11	0.765317917236921	4.4335518799871e-31	4	9
ENSG00000112367.10	0.765332524126952	4.41520274568218e-31	1	2
ENSG00000084764.10	0.765435465753095	4.28798673189747e-31	1	2
ENSG00000171813.13	0.765444603906047	4.27686934890054e-31	1	5
ENSG00000092531.9	0.765458716970826	4.25975515805197e-31	2	1
ENSG00000272031.2	0.765618460049994	4.07067234300225e-31	1	12
ENSG00000152413.14	0.76567862380144	4.00161719754024e-31	1	12
ENSG00000088367.21	0.765846939949501	3.81448223578677e-31	1	12
ENSG00000163673.7	0.765859346244244	3.80103420958409e-31	1	2
ENSG00000125826.20	0.765977818995413	3.67493740250268e-31	2	6
ENSG00000126561.16	0.765979196761198	3.67349542337538e-31	2	1
ENSG00000139405.15	0.766116663452196	3.53238210924684e-31	1	2
ENSG00000258461.5	0.766215162447302	3.43455931267104e-31	2	6
ENSG00000177098.8	0.766220482691585	3.42935204077074e-31	1	12
ENSG00000082458.11	0.766301196634158	3.35129700144013e-31	1	2
ENSG00000165995.18	0.766493192138076	3.1725727458924e-31	1	2
ENSG00000242866.9	0.766523799419144	3.14496018851452e-31	1	5
ENSG00000102158.19	0.766584605069211	3.09080265665452e-31	5	12
ENSG00000100744.14	0.766592721686384	3.08364313754485e-31	1	12
ENSG00000198563.13	0.766611326807271	3.06729332793915e-31	2	6
ENSG00000146830.9	0.766642675185797	3.03993744870736e-31	6	13
ENSG00000106052.13	0.766682899227191	3.00518719421711e-31	5	13
ENSG00000196465.10	0.76668499070777	3.00339104149608e-31	1	2
ENSG00000162706.12	0.766800574399877	2.90575123935081e-31	1	2
ENSG00000108799.12	0.766812453243409	2.89589505715091e-31	2	6
ENSG00000132357.13	0.7668527517373	2.86270247036769e-31	10	11
ENSG00000115239.21	0.767012370391425	2.73486306661266e-31	4	9
ENSG00000185896.10	0.767110171797123	2.65932261151693e-31	2	1
ENSG00000170348.8	0.767118314946195	2.653126217244e-31	5	12
ENSG00000161813.21	0.767166999918506	2.61637504091854e-31	5	8
ENSG00000078018.19	0.767179541798507	2.60698877552528e-31	1	12
ENSG00000186073.11	0.767193911596513	2.59627517291497e-31	1	12
ENSG00000133401.15	0.767266636890173	2.54271379569055e-31	1	12
ENSG00000164924.17	0.767270061462415	2.54021858227892e-31	1	12
ENSG00000050165.17	0.767570129147733	2.33067383217092e-31	1	2
ENSG00000150394.13	0.767579113247996	2.32466929738039e-31	1	12
ENSG00000162426.14	0.767580898252097	2.32347809887713e-31	1	5
ENSG00000131089.15	0.767628089885859	2.29220201197567e-31	1	2
ENSG00000112335.14	0.767688877004688	2.25252452512401e-31	5	8
ENSG00000173660.11	0.767692553377188	2.25014661330001e-31	1	2
ENSG00000102078.15	0.767723864030777	2.22999429477767e-31	1	2
ENSG00000179915.22	0.767738356467972	2.22072673951899e-31	4	9
ENSG00000177542.10	0.767748516810558	2.21425202771376e-31	1	2
ENSG00000170915.8	0.767785302069111	2.19096526708796e-31	5	4
ENSG00000256982.1	0.767807786525207	2.17685024110127e-31	1	12
ENSG00000169181.12	0.767821572711822	2.16823993872458e-31	1	12
ENSG00000157500.10	0.767915425855673	2.11050586140702e-31	5	8
ENSG00000198863.7	0.767942445453935	2.09416654718093e-31	1	2
ENSG00000173269.13	0.767997338538125	2.06135337691409e-31	11	10
ENSG00000143847.15	0.768015103901648	2.05084246633865e-31	1	5
ENSG00000124194.16	0.768120797968854	1.98938830972426e-31	1	5
ENSG00000136940.13	0.768148357378629	1.97366403268154e-31	2	5
ENSG00000094914.12	0.768167667071439	1.96271953064172e-31	2	6
ENSG00000169504.14	0.768221625234073	1.93245184366568e-31	2	5
ENSG00000171408.13	0.768401158629103	1.83500765788871e-31	1	2
ENSG00000187730.8	0.768444527030655	1.81220262298958e-31	1	5
ENSG00000122733.12	0.768501262507057	1.78278860862054e-31	1	12
ENSG00000158863.21	0.768503040887591	1.781874245979e-31	6	13
ENSG00000081377.16	0.7685555091907	1.75510379765778e-31	2	1
ENSG00000160716.5	0.768591052286674	1.73719388949842e-31	1	12
ENSG00000170153.10	0.768621590768671	1.72194929089488e-31	1	2
ENSG00000101144.12	0.768695203260833	1.68574068246554e-31	4	9
ENSG00000138760.9	0.768776516852504	1.64661335749106e-31	2	1
ENSG00000168539.3	0.76885729817958	1.60862616580253e-31	1	12
ENSG00000166912.16	0.76892739456061	1.57636229328692e-31	2	5
ENSG00000239789.5	0.769085833919139	1.50576064375128e-31	1	2
ENSG00000100027.14	0.769165503037982	1.47144299226e-31	1	2
ENSG00000118496.4	0.769196499024018	1.4583000860962e-31	5	4
ENSG00000100083.18	0.769223114347781	1.44710676567549e-31	2	6
ENSG00000256806.5	0.769458066592638	1.35188794342532e-31	1	12
ENSG00000187860.10	0.769548305662684	1.31697702213055e-31	1	2
ENSG00000125744.11	0.769590180718592	1.30107916306603e-31	1	12
ENSG00000151778.10	0.769619302486398	1.29013441465134e-31	1	2
ENSG00000109472.13	0.769632510770123	1.285200253335e-31	4	9
ENSG00000156959.8	0.769643731614484	1.28102310213951e-31	1	5
ENSG00000011347.9	0.76975619329849	1.23988733305799e-31	1	5
ENSG00000103723.12	0.769802231105717	1.22342476605226e-31	1	5
ENSG00000158106.13	0.769826045234413	1.21499359811224e-31	1	5
ENSG00000122012.13	0.769880414082971	1.19595820080063e-31	1	12
ENSG00000197557.6	0.769933120604749	1.17778467000435e-31	4	9
ENSG00000100442.10	0.769939780008844	1.17550786389983e-31	1	12
ENSG00000134453.15	0.769976233738027	1.16312099873954e-31	2	1
ENSG00000005249.12	0.77000166195101	1.15455659772394e-31	1	12
ENSG00000138083.4	0.770052103807266	1.13775040135964e-31	1	12
ENSG00000127314.17	0.77014497753531	1.10743320497267e-31	5	1
ENSG00000182747.4	0.77018050845945	1.09604584026334e-31	1	12
ENSG00000181467.4	0.770268133343398	1.06845225980609e-31	1	2
ENSG00000185475.10	0.77027269148588	1.06703570582648e-31	12	1
ENSG00000213465.7	0.770277466560625	1.06555371411693e-31	1	12
ENSG00000198862.13	0.770278094122501	1.06535909451239e-31	5	8
ENSG00000076248.10	0.770287868697416	1.06233230649232e-31	4	9
ENSG00000108395.13	0.770343457099943	1.04527883529473e-31	1	12
ENSG00000067167.7	0.770401391262387	1.02779201281589e-31	5	8
ENSG00000136147.17	0.770421495162281	1.02179130154685e-31	2	1
ENSG00000184307.14	0.770430914952163	1.01899149350449e-31	1	2
ENSG00000140750.16	0.770433402872056	1.01825327793194e-31	2	6
ENSG00000144583.4	0.770452313651604	1.01265922355826e-31	1	12
ENSG00000178171.10	0.77050764156745	9.96465358493794e-32	1	12
ENSG00000127314.17	0.770517782818856	9.9352484697066e-32	5	12
ENSG00000072832.14	0.770569645687609	9.78619712466515e-32	1	2
ENSG00000079691.17	0.770626039594165	9.6266169912663e-32	4	9
ENSG00000142235.8	0.770656601908643	9.54120483347041e-32	1	5
ENSG00000128245.14	0.770669480065414	9.5054377954664e-32	1	12
ENSG00000005486.16	0.770759549805624	9.25894019109126e-32	1	5
ENSG00000173452.13	0.770832155678391	9.06481867691701e-32	1	12
ENSG00000102554.13	0.770832359097184	9.06428046783113e-32	1	2
ENSG00000189410.11	0.77083864311943	9.04766954843356e-32	1	5
ENSG00000166224.16	0.770924990342948	8.82242972449384e-32	2	1
ENSG00000198753.11	0.770941340420319	8.78040474737429e-32	2	6
ENSG00000164591.13	0.770952226287404	8.75253370244405e-32	1	12
ENSG00000152620.12	0.77114229623296	8.2796764449671e-32	4	9
ENSG00000274956.2	0.771219745708247	8.09427827955833e-32	4	9
ENSG00000185565.11	0.77126172064532	7.99550977810507e-32	4	9
ENSG00000119698.11	0.771287546856268	7.93532931061814e-32	1	2
ENSG00000164188.8	0.771329861687902	7.83768763179988e-32	4	9
ENSG00000221866.9	0.771341625713756	7.81075246841197e-32	1	12
ENSG00000171813.13	0.771406626764386	7.66355640060472e-32	1	12
ENSG00000164896.19	0.771544691070968	7.35989223340016e-32	1	13
ENSG00000189159.15	0.771582655755015	7.2784847948372e-32	1	2
ENSG00000131871.14	0.771591174717445	7.26033954676336e-32	5	1
ENSG00000102385.12	0.771596566626034	7.24887785002629e-32	1	5
ENSG00000146067.15	0.771600399103554	7.24074188199869e-32	6	3
ENSG00000198915.11	0.771775074203649	6.87929727494464e-32	1	12
ENSG00000148600.14	0.771886162882449	6.65871453766994e-32	1	12
ENSG00000141698.16	0.771918957654436	6.59493506148201e-32	1	12
ENSG00000164896.19	0.771929740799129	6.57409537324577e-32	1	8
ENSG00000158856.17	0.77193167848383	6.57035743595559e-32	1	2
ENSG00000132879.13	0.7719878077748	6.4629817397639e-32	1	2
ENSG00000215845.10	0.772049178252191	6.34755261265852e-32	1	12
ENSG00000168522.12	0.77214718312715	6.16740698353361e-32	2	1
ENSG00000035141.7	0.772170999519611	6.12439385770633e-32	1	2
ENSG00000204065.2	0.772204505234986	6.06438020147615e-32	1	2
ENSG00000189266.11	0.772246452392194	5.99006079537038e-32	5	8
ENSG00000126950.7	0.772272603891878	5.94418086651877e-32	1	2
ENSG00000108961.13	0.772321593540792	5.85916139672507e-32	1	12
ENSG00000170653.18	0.772462124953589	5.62185032019344e-32	2	1
ENSG00000273032.1	0.772585348645327	5.42155633144255e-32	1	12
ENSG00000068831.18	0.772636924580591	5.33981939063843e-32	1	12
ENSG00000240204.2	0.772646509204505	5.32476378470771e-32	1	2
ENSG00000196923.13	0.772813465181304	5.06910152994217e-32	1	8
ENSG00000167615.16	0.772896421612224	4.94659431910456e-32	6	3
ENSG00000145428.14	0.77290916943342	4.92802849691197e-32	1	2
ENSG00000110880.10	0.772926920447169	4.90229008211633e-32	2	1
ENSG00000188573.7	0.772938301264583	4.88585779909787e-32	1	12
ENSG00000101558.13	0.772984804460701	4.81927439898636e-32	5	8
ENSG00000060709.14	0.772988562142518	4.81393324446377e-32	1	12
ENSG00000004660.14	0.773050814505305	4.72628976197695e-32	1	5
ENSG00000204991.10	0.773102249696881	4.65506009126968e-32	1	5
ENSG00000110075.14	0.773172432444787	4.55956718279078e-32	2	1
ENSG00000164919.10	0.773209805279486	4.50950470314258e-32	1	12
ENSG00000047579.19	0.773215009304241	4.50257667709929e-32	1	2
ENSG00000128578.9	0.773360337394697	4.31327291962535e-32	1	12
ENSG00000118217.5	0.773548774272075	4.07942264963159e-32	5	8
ENSG00000105737.9	0.773617288561385	3.9975230352923e-32	1	5
ENSG00000103449.11	0.77374598176674	3.84803226294256e-32	2	1
ENSG00000108352.11	0.773791702310739	3.79625686683256e-32	1	5
ENSG00000073670.13	0.773813999952646	3.77125527223474e-32	1	5
ENSG00000130147.15	0.773948957307733	3.62334928286458e-32	2	1
ENSG00000004059.10	0.773970079190146	3.60072269316637e-32	1	5
ENSG00000172264.16	0.774008039260155	3.56040686915016e-32	1	2
ENSG00000214655.10	0.774086291150621	3.47869343949349e-32	6	13
ENSG00000178053.17	0.774101459212701	3.46306901350304e-32	1	2
ENSG00000073712.14	0.774106516962735	3.45787443803329e-32	4	12
ENSG00000142166.12	0.774169421691828	3.39390431738755e-32	5	8
ENSG00000173175.14	0.774223880446464	3.33946352303094e-32	1	12
ENSG00000074706.13	0.77424577527098	3.31781861117321e-32	1	12
ENSG00000138802.11	0.774245966316233	3.31763035462641e-32	5	8
ENSG00000124243.17	0.774268869336099	3.29513755016652e-32	1	2
ENSG00000127054.20	0.774278429122185	3.28579338223005e-32	6	13
ENSG00000241973.10	0.774279581513621	3.28466874284399e-32	1	5
ENSG00000150967.17	0.774494303137442	3.08158719739958e-32	1	5
ENSG00000162975.4	0.774532435114632	3.0468357246189e-32	1	12
ENSG00000167302.10	0.774576813940526	3.00687594676058e-32	2	6
ENSG00000167178.15	0.774589772302127	2.99530538488266e-32	1	12
ENSG00000151834.15	0.774621395237853	2.96725252775481e-32	4	9
ENSG00000146535.13	0.77464168164996	2.94939247031701e-32	4	12
ENSG00000140400.16	0.774747382971889	2.85802913828461e-32	6	13
ENSG00000111321.10	0.774774524963054	2.83502125864e-32	12	10
ENSG00000167315.17	0.774870981396825	2.75471984081224e-32	4	9
ENSG00000100027.14	0.77492242188787	2.71281315343721e-32	1	12
ENSG00000184911.14	0.77492786721897	2.70841388327564e-32	1	2
ENSG00000171208.9	0.774986189846341	2.66173264818365e-32	1	12
ENSG00000128595.16	0.775001982960897	2.64922853336835e-32	5	8
ENSG00000179388.8	0.77502012039582	2.63493952221221e-32	1	12
ENSG00000077147.14	0.775090785333431	2.57998719708628e-32	5	8
ENSG00000015133.18	0.775330096521558	2.40212315241543e-32	1	12
ENSG00000130731.15	0.775422782136027	2.33652275300161e-32	1	5
ENSG00000068831.18	0.775455499536969	2.31378930270172e-32	1	5
ENSG00000155256.17	0.775529544761821	2.26313914123492e-32	1	5
ENSG00000271614.1	0.775584937663097	2.22596201454058e-32	1	12
ENSG00000066629.16	0.775591846984744	2.2213671098291e-32	1	12
ENSG00000069345.11	0.775677117509179	2.16542133872083e-32	1	3
ENSG00000144744.16	0.775786912073017	2.09542088749087e-32	5	8
ENSG00000112137.17	0.775838429319355	2.0633468954892e-32	1	2
ENSG00000067840.12	0.775893215742804	2.02976691424913e-32	1	12
ENSG00000161082.12	0.775903091653455	2.02377111657512e-32	1	12
ENSG00000172469.15	0.775943892680407	1.99918422775934e-32	5	8
ENSG00000165752.16	0.776045701171218	1.93910689188192e-32	1	12
ENSG00000197442.9	0.776052281901798	1.93528523581197e-32	4	9
ENSG00000147202.17	0.77610122377918	1.90709430525109e-32	1	12
ENSG00000156735.10	0.77622039841991	1.84012563483537e-32	1	2
ENSG00000167770.11	0.776243180499165	1.82758927725949e-32	1	12
ENSG00000128656.13	0.776354297581277	1.76763760897538e-32	1	12
ENSG00000075035.9	0.776405037225178	1.74090863485878e-32	1	12
ENSG00000188419.13	0.776423411559915	1.73132757729955e-32	1	12
ENSG00000111961.17	0.776589586010721	1.64699865654538e-32	4	5
ENSG00000164100.8	0.776658976314233	1.61299192271499e-32	1	12
ENSG00000149328.14	0.776699361883286	1.59351849405399e-32	1	5
ENSG00000114923.16	0.776714677861828	1.58619390395618e-32	1	5
ENSG00000109332.19	0.776746527272256	1.57106828195898e-32	5	8
ENSG00000156959.8	0.776771884163539	1.55912745994308e-32	1	12
ENSG00000108641.14	0.776794691827592	1.54846331838028e-32	1	2
ENSG00000131844.15	0.776826918310822	1.53351734266523e-32	4	9
ENSG00000169813.16	0.776839052245298	1.5279266937495e-32	12	10
ENSG00000108018.15	0.776883380080566	1.50767260307314e-32	1	12
ENSG00000168490.13	0.776891201285245	1.50412645945331e-32	1	12
ENSG00000112659.13	0.776909895015101	1.49568387698145e-32	1	8
ENSG00000102466.15	0.776927272598812	1.48787747980748e-32	1	12
ENSG00000095574.11	0.777014826512661	1.44915136518544e-32	2	5
ENSG00000147027.3	0.77707276665409	1.42407025980407e-32	4	9
ENSG00000005448.16	0.7770864708633	1.41820066003437e-32	1	5
ENSG00000127445.13	0.777266176167188	1.34339706603678e-32	1	12
ENSG00000146242.8	0.777302424437161	1.32878540358073e-32	1	12
ENSG00000131871.14	0.777313300747347	1.32443171229965e-32	5	12
ENSG00000163191.5	0.777320299994646	1.32163739229674e-32	10	7
ENSG00000164061.4	0.777395953124602	1.29180161892388e-32	1	5
ENSG00000101266.17	0.777457962663897	1.2678410474342e-32	5	8
ENSG00000176444.18	0.777490234086633	1.25554468698718e-32	2	6
ENSG00000181458.10	0.777518667034886	1.24480807637732e-32	1	12
ENSG00000146267.11	0.777522442706578	1.24338914309285e-32	1	2
ENSG00000106780.8	0.77756129784775	1.22887905174323e-32	2	5
ENSG00000120256.9	0.777586211128225	1.21966311658418e-32	1	12
ENSG00000132382.14	0.777638009663252	1.20071866911949e-32	1	5
ENSG00000272333.5	0.777638335462532	1.20060043352613e-32	6	3
ENSG00000033627.16	0.777724190091002	1.16983850553374e-32	1	5
ENSG00000108176.14	0.777731702580179	1.16718391636983e-32	1	12
ENSG00000050030.13	0.777766446184722	1.15498382997092e-32	1	2
ENSG00000050030.13	0.777839228285724	1.12983151731488e-32	1	12
ENSG00000166398.12	0.777857519939429	1.12359534825086e-32	2	1
ENSG00000143502.14	0.77787615838571	1.11727574718767e-32	1	2
ENSG00000184388.5	0.777943458963181	1.09474609786706e-32	1	12
ENSG00000267034.1	0.777980492415899	1.08253979466267e-32	1	12
ENSG00000163406.10	0.777984930726849	1.08108592436456e-32	4	9
ENSG00000065609.14	0.777999699168457	1.07626198664e-32	1	12
ENSG00000139266.5	0.778010025022331	1.07290174105399e-32	1	5
ENSG00000084093.16	0.778080701725894	1.05017729810257e-32	5	12
ENSG00000177181.14	0.778234354933308	1.00239334286057e-32	1	12
ENSG00000011347.9	0.778250786711199	9.97411565536584e-33	1	12
ENSG00000158856.17	0.778290847661986	9.85367665175564e-33	1	12
ENSG00000205090.8	0.778434224283605	9.43422761535697e-33	1	5
ENSG00000140262.17	0.77850244951528	9.24084589509506e-33	5	2
ENSG00000185090.14	0.778580977966717	9.02307982009595e-33	1	12
ENSG00000150093.18	0.778584192191189	9.0142747838401e-33	2	11
ENSG00000132780.16	0.778745057673139	8.58422385495533e-33	2	6
ENSG00000110756.17	0.778889798798531	8.21455449236577e-33	2	1
ENSG00000116044.15	0.778969632388412	8.01740144237214e-33	5	12
ENSG00000119927.13	0.778987148096954	7.97477168853068e-33	4	9
ENSG00000151012.13	0.778995917759459	7.95351184557794e-33	4	9
ENSG00000149582.15	0.779062695116457	7.79344368447227e-33	1	12
ENSG00000107282.7	0.779086087722576	7.73812289855142e-33	1	12
ENSG00000148408.12	0.779280554317242	7.29292748215252e-33	1	5
ENSG00000204131.9	0.779352108580644	7.13553517307882e-33	1	2
ENSG00000121749.15	0.779379665064144	7.07581593711214e-33	2	5
ENSG00000138768.14	0.779418209086744	6.99310830509702e-33	5	8
ENSG00000089199.9	0.779558437768435	6.70014524538999e-33	1	12
ENSG00000160345.12	0.779714703981922	6.38787611225297e-33	1	2
ENSG00000113758.13	0.779798618661736	6.22613785118628e-33	1	5
ENSG00000128683.13	0.779804306497722	6.21532188147653e-33	1	12
ENSG00000127152.17	0.779804881712723	6.21422908337905e-33	1	12
ENSG00000144959.9	0.77982203204038	6.18173336674418e-33	1	12
ENSG00000137843.11	0.779863853993693	6.10318949288405e-33	1	12
ENSG00000053438.8	0.780053810982824	5.75861052127434e-33	1	12
ENSG00000172782.11	0.780260857432654	5.40479580366575e-33	1	12
ENSG00000067560.10	0.780310313860665	5.32349518537168e-33	5	12
ENSG00000134287.9	0.780469462366179	5.06994597691885e-33	1	2
ENSG00000172731.13	0.780595197118619	4.87805765441994e-33	1	2
ENSG00000161328.10	0.780615591557431	4.84761323868431e-33	1	5
ENSG00000150457.8	0.780627784482764	4.8295011651244e-33	2	1
ENSG00000134709.10	0.780714156414686	4.7030899981479e-33	1	12
ENSG00000128159.11	0.780769326382013	4.62405313130728e-33	13	6
ENSG00000075142.13	0.780803377841562	4.57592388675307e-33	4	9
ENSG00000158815.10	0.780898758964208	4.44371558117433e-33	1	13
ENSG00000198315.10	0.78092543216339	4.40742037847077e-33	5	1
ENSG00000257103.8	0.781025163281999	4.27427592318896e-33	2	1
ENSG00000183826.16	0.781051714627724	4.239500500507e-33	1	2
ENSG00000143570.17	0.781066093679802	4.22078388539448e-33	12	1
ENSG00000140854.12	0.781083074215198	4.19878559684641e-33	1	5
ENSG00000142408.4	0.781125046981616	4.14489226394005e-33	1	5
ENSG00000104866.10	0.781180777337197	4.07438363021518e-33	1	5
ENSG00000175215.10	0.781258175370826	3.97841355561386e-33	2	12
ENSG00000218336.8	0.781433162021531	3.76955336315007e-33	1	2
ENSG00000116191.17	0.781487988959843	3.70635892357055e-33	1	2
ENSG00000133878.8	0.781554729320631	3.63083693510305e-33	1	5
ENSG00000240694.8	0.781825459383046	3.33969417644988e-33	1	12
ENSG00000164715.5	0.781838364564034	3.32640443975335e-33	1	12
ENSG00000204264.8	0.781993384442681	3.1707711740108e-33	12	10
ENSG00000143502.14	0.78201681435903	3.14787983439762e-33	1	5
ENSG00000149927.17	0.782368437113613	2.82323247798215e-33	1	12
ENSG00000133424.20	0.782427855050803	2.77172364986562e-33	1	12
ENSG00000156873.15	0.78264097731563	2.59445634023805e-33	1	5
ENSG00000213199.7	0.782668337881559	2.57252182947238e-33	1	8
ENSG00000171163.15	0.782808282541017	2.46314972734532e-33	13	6
ENSG00000066248.14	0.782943254572599	2.36199921757013e-33	1	12
ENSG00000186094.16	0.782963021374962	2.34753256882929e-33	1	2
ENSG00000135454.13	0.782994243968874	2.32485906620797e-33	1	12
ENSG00000102780.16	0.783023970773759	2.30347188869598e-33	1	12
ENSG00000143409.15	0.783034304271441	2.29608276775335e-33	2	1
ENSG00000141380.13	0.783046342338589	2.28750414667294e-33	4	12
ENSG00000025772.7	0.783152985046959	2.21287088834139e-33	1	12
ENSG00000175215.10	0.783256848375243	2.14248545485455e-33	2	1
ENSG00000136451.8	0.783295253592471	2.1170205079387e-33	2	1
ENSG00000116337.15	0.783306682809417	2.10949986667025e-33	1	12
ENSG00000113712.17	0.783359157633114	2.07530616204939e-33	5	8
ENSG00000008283.15	0.78341202867282	2.04140540952326e-33	1	2
ENSG00000117016.9	0.783579893392441	1.93733874294786e-33	1	12
ENSG00000062282.14	0.783608862996042	1.91991465972345e-33	1	5
ENSG00000128656.13	0.783707059666592	1.86199148275525e-33	1	2
ENSG00000136854.19	0.783878055227368	1.76519903261345e-33	1	12
ENSG00000214655.10	0.784032336896776	1.68212277423496e-33	6	3
ENSG00000057608.16	0.784101995375993	1.64588474236185e-33	5	8
ENSG00000162852.13	0.784307446642704	1.54341490796196e-33	1	12
ENSG00000204856.11	0.784309329268595	1.542505560677e-33	1	12
ENSG00000164938.13	0.784343659523627	1.52601540153554e-33	2	1
ENSG00000128739.21	0.784413425270019	1.4930363011079e-33	1	12
ENSG00000055070.16	0.784521921557065	1.44313589601946e-33	12	1
ENSG00000104852.14	0.784643475896302	1.38917556243782e-33	6	13
ENSG00000132879.13	0.78464506797584	1.38848213389195e-33	1	12
ENSG00000101911.12	0.78465091388184	1.38593887295392e-33	1	12
ENSG00000160075.11	0.784941486591287	1.26513363952407e-33	1	2
ENSG00000189127.7	0.784952914467511	1.26060035770125e-33	1	12
ENSG00000145247.11	0.784954127162963	1.26012023620439e-33	1	12
ENSG00000132975.7	0.785238263285961	1.15244341860194e-33	1	12
ENSG00000164061.4	0.785409673981655	1.09191505946202e-33	1	12
ENSG00000135709.12	0.78541521502372	1.09001148028975e-33	1	12
ENSG00000152137.6	0.785428149248859	1.08558072011163e-33	4	12
ENSG00000102699.5	0.785521704283136	1.05405534613536e-33	2	12
ENSG00000082482.13	0.785535188748123	1.04958631116077e-33	1	12
ENSG00000125895.5	0.785826931533557	9.57331871175246e-34	1	5
ENSG00000068078.17	0.785861374280432	9.46981053627923e-34	4	9
ENSG00000068697.6	0.786065021671385	8.87991042294354e-34	4	5
ENSG00000115944.14	0.786066030724473	8.8770794133473e-34	1	2
ENSG00000136153.19	0.786145805418187	8.65604822299703e-34	1	12
ENSG00000135404.11	0.786151147169221	8.64144267767004e-34	12	1
ENSG00000175416.12	0.786164794030712	8.60423901368324e-34	1	5
ENSG00000113966.9	0.786171728379277	8.58539517696884e-34	1	12
ENSG00000157087.17	0.786186044082789	8.54662101863468e-34	1	12
ENSG00000181195.10	0.786338822850823	8.14339202875206e-34	1	12
ENSG00000157152.16	0.786340289536374	8.13961310749869e-34	1	2
ENSG00000197622.12	0.786372090052775	8.05810153087815e-34	2	1
ENSG00000145730.20	0.786410926329145	7.9596435656742e-34	1	12
ENSG00000114383.9	0.786561371039877	7.58927594392293e-34	1	2
ENSG00000147041.11	0.786591102167097	7.51811434001574e-34	1	12
ENSG00000184900.15	0.786623002114264	7.44249107303386e-34	1	2
ENSG00000051382.8	0.786646669853343	7.3868671118038e-34	1	12
ENSG00000104976.11	0.786650223031092	7.37855178659974e-34	1	5
ENSG00000188529.14	0.786784955198018	7.06994473715115e-34	5	8
ENSG00000196689.11	0.78691145366955	6.79176428370546e-34	2	6
ENSG00000196923.13	0.7869164480938	6.78100483059635e-34	1	5
ENSG00000114166.7	0.786926601853053	6.75918229354881e-34	4	5
ENSG00000134207.14	0.786931026899833	6.74969356289108e-34	1	12
ENSG00000144579.7	0.787014688361334	6.57274073847154e-34	2	12
ENSG00000073921.17	0.78702337526589	6.554630489376e-34	2	1
ENSG00000117155.16	0.787168684132229	6.25886704024423e-34	1	12
ENSG00000169439.11	0.787198091235867	6.20062781745702e-34	4	9
ENSG00000213983.11	0.787268831334437	6.06270409469499e-34	1	13
ENSG00000278259.4	0.78727254019401	6.05555664961524e-34	2	6
ENSG00000171435.13	0.787289873616768	6.02226260488419e-34	1	12
ENSG00000182149.20	0.78735476022045	5.89921850123774e-34	2	12
ENSG00000277586.2	0.787362084796438	5.88548515412891e-34	1	12
ENSG00000183624.13	0.787386031185895	5.84080541649942e-34	1	2
ENSG00000169871.12	0.787425724677086	5.767477727652e-34	2	1
ENSG00000181704.11	0.787458020171628	5.70848506944528e-34	4	5
ENSG00000157680.15	0.787532300161211	5.57504324679162e-34	1	12
ENSG00000122729.18	0.787532663720615	5.57439772441574e-34	4	9
ENSG00000134508.12	0.787776759053034	5.15717032435405e-34	4	9
ENSG00000163840.9	0.787882924842915	4.98543016883841e-34	12	10
ENSG00000125970.11	0.787910962046758	4.94102202685765e-34	2	1
ENSG00000261609.5	0.788011913451643	4.78432247216945e-34	4	12
ENSG00000018510.13	0.788040642450393	4.74062862740944e-34	2	5
ENSG00000130052.13	0.788266944763068	4.4098901009685e-34	10	11
ENSG00000128203.6	0.788343081643569	4.30380117114171e-34	1	12
ENSG00000177679.15	0.78836540374682	4.27317607783941e-34	1	5
ENSG00000145864.12	0.788437268520233	4.17602821394657e-34	1	12
ENSG00000206052.10	0.788507397486812	4.08332124627153e-34	1	12
ENSG00000206535.7	0.788532194158706	4.05102791868778e-34	1	12
ENSG00000108091.10	0.788615118595518	3.94484651841597e-34	1	2
ENSG00000116337.15	0.788819257243047	3.6949751181569e-34	1	2
ENSG00000117598.11	0.788855299152519	3.65250466646677e-34	1	12
ENSG00000154310.16	0.788871147044236	3.63398234841123e-34	4	9
ENSG00000187730.8	0.788897580063083	3.60329384933035e-34	1	12
ENSG00000108773.10	0.789209224023734	3.26013741001895e-34	13	6
ENSG00000240204.2	0.789400106572201	3.06604088219374e-34	1	12
ENSG00000185352.8	0.789449881301651	3.0173246490346e-34	1	12
ENSG00000132781.17	0.789489994569056	2.9786188782311e-34	2	6
ENSG00000188981.10	0.789638994211551	2.83907459114082e-34	1	2
ENSG00000183775.10	0.789684615146704	2.79764868056554e-34	1	12
ENSG00000261340.1	0.789778442779775	2.71430799242043e-34	1	12
ENSG00000116209.11	0.789885665571095	2.62205504014321e-34	2	5
ENSG00000139644.12	0.78997448561232	2.54797570878952e-34	4	5
ENSG00000083168.9	0.789989631638406	2.53555036443586e-34	2	1
ENSG00000147246.9	0.790043723154181	2.49165966204853e-34	1	12
ENSG00000141380.13	0.790174535055	2.38858073552216e-34	4	1
ENSG00000067141.16	0.790225743156169	2.3493811383841e-34	2	1
ENSG00000162188.5	0.790340558236292	2.26377499218526e-34	1	12
ENSG00000105767.2	0.790353815146524	2.25409033595181e-34	2	1
ENSG00000166448.14	0.790369335007289	2.24280426028529e-34	1	12
ENSG00000182827.8	0.790386715686451	2.23023093357245e-34	5	8
ENSG00000067191.15	0.790397324836128	2.22259027437478e-34	1	5
ENSG00000151376.16	0.79042712456779	2.20126604894143e-34	1	5
ENSG00000100246.12	0.790427228780452	2.20119183006696e-34	1	2
ENSG00000033122.18	0.790463232862127	2.17569690412567e-34	1	12
ENSG00000139998.14	0.790513451282752	2.14062087448412e-34	1	12
ENSG00000100813.14	0.790609419603473	2.07512943690309e-34	2	6
ENSG00000213190.3	0.790737151489425	1.9910090468162e-34	1	12
ENSG00000135709.12	0.791013096428005	1.8205591265438e-34	1	2
ENSG00000164076.16	0.791033500764536	1.8085411369362e-34	1	12
ENSG00000138760.9	0.791089575424474	1.77591388237564e-34	2	5
ENSG00000109618.11	0.791191754715662	1.71794183778279e-34	2	1
ENSG00000167654.17	0.791193249099849	1.71710794729829e-34	1	12
ENSG00000126733.20	0.79126833103158	1.67571938560557e-34	1	12
ENSG00000143740.14	0.79127000690916	1.67480684718355e-34	1	2
ENSG00000163285.7	0.791331856621992	1.64146843115896e-34	4	9
ENSG00000213123.10	0.791345815304599	1.63403510542418e-34	1	2
ENSG00000078747.14	0.791381394726379	1.61523758883166e-34	2	5
ENSG00000139112.10	0.791394302387406	1.6084708320405e-34	1	12
ENSG00000180370.10	0.791470086856783	1.56929988216383e-34	5	1
ENSG00000188352.12	0.791551927356231	1.52805179173215e-34	1	12
ENSG00000158062.20	0.791740315135183	1.43711130616842e-34	1	2
ENSG00000103111.14	0.791881555113474	1.37244134890022e-34	2	1
ENSG00000118733.16	0.791916257599231	1.35699510474757e-34	1	12
ENSG00000153956.15	0.791934267506015	1.34904630795288e-34	1	12
ENSG00000184911.14	0.79196054652017	1.3375299520948e-34	1	12
ENSG00000169220.17	0.791999976916051	1.32043131216065e-34	1	12
ENSG00000136842.13	0.792029736042135	1.30766901341743e-34	1	12
ENSG00000124126.13	0.792030100805717	1.30751333817591e-34	2	1
ENSG00000078549.14	0.792227340522499	1.22594899371752e-34	4	9
ENSG00000162639.15	0.792310567826536	1.19305237906274e-34	1	12
ENSG00000134769.21	0.792328048544249	1.18625401195673e-34	4	12
ENSG00000125869.9	0.792335482420312	1.18337448431048e-34	1	2
ENSG00000142864.14	0.792365479850498	1.17182457077119e-34	5	8
ENSG00000112640.14	0.792494415992965	1.12342948310273e-34	1	12
ENSG00000132938.19	0.79251021058663	1.1176379256248e-34	1	12
ENSG00000138814.16	0.792542855978874	1.1057604040421e-34	1	12
ENSG00000175866.15	0.792580617074565	1.09217635900799e-34	1	5
ENSG00000130822.15	0.79281927582646	1.01003940457982e-34	1	12
ENSG00000183307.3	0.792857999957667	9.97297549320696e-35	1	12
ENSG00000211450.9	0.793057828604779	9.34016034038188e-35	1	2
ENSG00000188021.8	0.793200635613643	8.91227971340943e-35	1	12
ENSG00000167371.17	0.793231491114843	8.82239378819962e-35	1	5
ENSG00000020129.15	0.793246540708022	8.77887643655026e-35	1	12
ENSG00000068697.6	0.7933505788203	8.48375928762923e-35	4	12
ENSG00000009307.15	0.793367351413526	8.43710371617536e-35	2	5
ENSG00000067606.16	0.793367448226831	8.43683514857521e-35	1	12
ENSG00000105696.8	0.793638938900156	7.71583052167484e-35	1	5
ENSG00000163346.16	0.793902182190835	7.07471229685752e-35	4	9
ENSG00000120690.15	0.793928545265061	7.01346813553589e-35	5	1
ENSG00000077152.9	0.794065041611639	6.70461423303453e-35	1	12
ENSG00000084070.11	0.794080001189384	6.67158904605485e-35	1	12
ENSG00000147065.16	0.794090380089858	6.64877032604894e-35	12	10
ENSG00000122824.10	0.794160796064219	6.49596970060078e-35	1	12
ENSG00000138175.8	0.794180715344687	6.45337555119534e-35	1	2
ENSG00000099326.8	0.79418939183518	6.43490825486036e-35	1	13
ENSG00000171004.18	0.794192304574669	6.42872035235767e-35	1	2
ENSG00000171617.13	0.794287758082412	6.22914224864406e-35	1	12
ENSG00000168490.13	0.794323912296762	6.15515108757634e-35	1	5
ENSG00000077080.9	0.794353682506599	6.09487438090096e-35	1	5
ENSG00000101608.12	0.79437554273537	6.05098320366941e-35	10	11
ENSG00000013374.15	0.794521123431344	5.76650899512852e-35	5	1
ENSG00000189410.11	0.794600652023795	5.61670216512545e-35	1	12
ENSG00000184408.9	0.795025616283582	4.8787744942783e-35	1	12
ENSG00000101782.14	0.795112429270622	4.74020208525074e-35	2	1
ENSG00000144843.11	0.795200400473702	4.60373011841939e-35	10	11
ENSG00000142408.4	0.79539731142569	4.31210496840573e-35	1	12
ENSG00000237515.8	0.795520181542702	4.13941976411116e-35	1	12
ENSG00000162433.14	0.795521619565815	4.13743953307669e-35	4	9
ENSG00000204131.9	0.795576340628141	4.06277403119079e-35	1	12
ENSG00000271614.1	0.795732213190872	3.85727629256137e-35	1	2
ENSG00000131067.16	0.795807585831494	3.76160781740562e-35	1	5
ENSG00000178950.16	0.795811699780024	3.75645378189194e-35	1	13
ENSG00000172375.12	0.795975771618621	3.55646627434037e-35	1	12
ENSG00000065978.18	0.795998098787416	3.53007393860703e-35	2	1
ENSG00000172318.5	0.796025902121182	3.49747748022149e-35	1	2
ENSG00000179841.8	0.796073853912332	3.4419530934652e-35	1	12
ENSG00000160991.15	0.796236938787993	3.25952283366049e-35	1	2
ENSG00000112186.11	0.796329165942044	3.16059984775573e-35	1	12
ENSG00000125869.9	0.796351018266311	3.13759710072318e-35	1	12
ENSG00000197586.12	0.796366329105445	3.12157837380067e-35	1	12
ENSG00000182979.17	0.796381458302195	3.10582868634998e-35	6	13
ENSG00000107872.12	0.796538023808052	2.94736155808287e-35	1	2
ENSG00000104327.7	0.796591811019005	2.89477769946872e-35	1	12
ENSG00000115685.14	0.796598759291059	2.88805251770885e-35	1	12
ENSG00000116299.16	0.796733960060644	2.76020882033958e-35	1	12
ENSG00000114948.12	0.79675913410441	2.73702691820127e-35	1	12
ENSG00000088899.14	0.796806780885289	2.69367354022424e-35	1	12
ENSG00000198561.13	0.796818598383135	2.6830258425143e-35	2	1
ENSG00000177119.15	0.796951777574695	2.56585431949243e-35	4	12
ENSG00000164129.11	0.797112532854997	2.43110871145564e-35	1	12
ENSG00000112981.4	0.797243817914022	2.3262476140392e-35	1	12
ENSG00000125675.17	0.797291660809457	2.28915059410101e-35	1	12
ENSG00000167371.17	0.797341430006734	2.25117729776681e-35	1	12
ENSG00000170949.17	0.797363504742208	2.234533484802e-35	2	1
ENSG00000105696.8	0.797382571926852	2.2202547315681e-35	1	12
ENSG00000169282.17	0.797404632604018	2.20384618554956e-35	1	12
ENSG00000076826.9	0.79757739356373	2.07940546156113e-35	1	5
ENSG00000147676.13	0.797593581954112	2.06810526755876e-35	1	12
ENSG00000189410.11	0.797609854455169	2.05680722219533e-35	1	2
ENSG00000170348.8	0.797619018120176	2.05047159808614e-35	5	1
ENSG00000175445.14	0.797658945674904	2.0230895070643e-35	1	12
ENSG00000162889.10	0.797696323473622	1.99778204253727e-35	12	1
ENSG00000196642.18	0.79774255018504	1.96691347608717e-35	1	5
ENSG00000176182.5	0.797787503571555	1.9373451802194e-35	1	12
ENSG00000112640.14	0.797911568784329	1.85798975178112e-35	1	2
ENSG00000129933.20	0.797926811890207	1.84846308921397e-35	2	6
ENSG00000048740.18	0.798136200766727	1.72236010052342e-35	1	2
ENSG00000240694.8	0.798178676077949	1.69783158757623e-35	1	2
ENSG00000213465.7	0.798202799123029	1.68405436417717e-35	1	5
ENSG00000168438.14	0.798637485217681	1.45382292238003e-35	1	12
ENSG00000168385.17	0.798649633238665	1.44785484081887e-35	4	5
ENSG00000165704.14	0.798710326446543	1.41839645857256e-35	1	12
ENSG00000162817.6	0.798750865421534	1.3990493842838e-35	1	12
ENSG00000170500.12	0.798787528419968	1.38177572270679e-35	1	12
ENSG00000113758.13	0.79881443506305	1.36923234284251e-35	1	2
ENSG00000101489.19	0.798901592963471	1.32936482695307e-35	1	12
ENSG00000159433.11	0.799123169095315	1.23308010054494e-35	2	6
ENSG00000185274.11	0.799146416879331	1.22338450655012e-35	1	12
ENSG00000143815.14	0.799319922603455	1.15335270825114e-35	2	1
ENSG00000109738.10	0.799664451287072	1.02577540133696e-35	1	12
ENSG00000080493.15	0.799694062216613	1.0154817845095e-35	4	9
ENSG00000040933.15	0.799701340741902	1.01296715203159e-35	1	2
ENSG00000138028.15	0.799862105347243	9.58960561203417e-36	1	12
ENSG00000132639.12	0.79989068747175	9.49659821189526e-36	1	12
ENSG00000144406.18	0.800156896354012	8.67186773635222e-36	1	2
ENSG00000141622.13	0.800353357114541	8.10879865701749e-36	1	12
ENSG00000040933.15	0.800614102991861	7.41668384929319e-36	1	12
ENSG00000085719.12	0.800623632421198	7.39252171738563e-36	4	5
ENSG00000138696.10	0.800646755707204	7.33421332833895e-36	4	9
ENSG00000171004.18	0.800657476092134	7.30733415304933e-36	1	12
ENSG00000122824.10	0.800686175025911	7.23585332043138e-36	1	2
ENSG00000118402.5	0.800691504012436	7.22265624265022e-36	1	12
ENSG00000144730.17	0.800694011034047	7.21645586755658e-36	4	9
ENSG00000103197.16	0.800701840053982	7.19712678380851e-36	13	6
ENSG00000110786.17	0.800706858113015	7.18476447153493e-36	1	12
ENSG00000198513.11	0.800725187138832	7.13978691422144e-36	1	12
ENSG00000140854.12	0.800758947460722	7.05766607420488e-36	1	12
ENSG00000197562.9	0.800871696118307	6.79008296807855e-36	1	5
ENSG00000197586.12	0.80106439241529	6.35567234879813e-36	1	2
ENSG00000152894.14	0.801107101116433	6.26315603113497e-36	2	1
ENSG00000108947.4	0.801163012108779	6.14404000092228e-36	1	12
ENSG00000077264.14	0.801180620840525	6.10698874145815e-36	1	12
ENSG00000107249.21	0.801333608447854	5.79419280783309e-36	4	12
ENSG00000089818.17	0.801384654685105	5.69337251795324e-36	1	12
ENSG00000260328.1	0.801395138177001	5.67288136471925e-36	1	12
ENSG00000175471.19	0.80140312849868	5.65731211264612e-36	1	12
ENSG00000159082.17	0.801488355416018	5.49383865397812e-36	1	12
ENSG00000147202.17	0.801639219419688	5.2157799769987e-36	1	2
ENSG00000166073.10	0.801650190062106	5.19610854119891e-36	1	2
ENSG00000112333.11	0.801708990412892	5.09191078818195e-36	4	9
ENSG00000144579.7	0.801802073956065	4.93114789653923e-36	2	1
ENSG00000205403.12	0.801849065761642	4.85189589050022e-36	10	11
ENSG00000179399.14	0.801990301820779	4.62116421771952e-36	4	9
ENSG00000198420.9	0.802130141091843	4.40335557340426e-36	1	12
ENSG00000119888.10	0.802134767445427	4.39632499156029e-36	1	12
ENSG00000067829.18	0.802157420009504	4.36205936529136e-36	1	5
ENSG00000151376.16	0.802175001452428	4.33564577900802e-36	1	12
ENSG00000171224.8	0.802191243835157	4.31138375209324e-36	1	2
ENSG00000141424.12	0.802289682877594	4.16717174289194e-36	2	5
ENSG00000184156.16	0.802306602428285	4.14286716417585e-36	1	12
ENSG00000004455.16	0.802314927240546	4.1309599702018e-36	2	1
ENSG00000166501.12	0.802588119457041	3.75834291715481e-36	1	12
ENSG00000139644.12	0.802641051740284	3.69006866989689e-36	4	12
ENSG00000198682.12	0.802844578261252	3.4387287836196e-36	10	11
ENSG00000140398.13	0.802849387028447	3.43299866959075e-36	1	13
ENSG00000156345.17	0.802896265753294	3.377627794937e-36	1	2
ENSG00000167861.15	0.802900580681333	3.37257557513791e-36	2	6
ENSG00000239382.10	0.802932927373435	3.33493775510618e-36	1	5
ENSG00000234745.10	0.802940326932862	3.32638603825278e-36	10	11
ENSG00000112242.14	0.802958442367068	3.30554084143971e-36	1	2
ENSG00000106367.13	0.802970388310663	3.29186514417854e-36	1	2
ENSG00000100441.9	0.803178463077393	3.0623949139701e-36	2	1
ENSG00000129682.15	0.80320330482925	3.03607274640102e-36	1	12
ENSG00000065923.9	0.803299974858751	2.93574283135689e-36	1	2
ENSG00000008282.8	0.803393274449261	2.84200594163779e-36	5	1
ENSG00000152969.17	0.803446459850407	2.78989507863139e-36	1	12
ENSG00000163462.17	0.80350056313956	2.73784923802434e-36	1	5
ENSG00000112659.13	0.803584372787834	2.6591062968245e-36	1	13
ENSG00000266714.6	0.80394545118539	2.34456799418415e-36	2	6
ENSG00000196368.4	0.804020126578195	2.28423938243131e-36	1	2
ENSG00000184207.8	0.804106432167255	2.21641518814488e-36	1	5
ENSG00000065923.9	0.804206645496391	2.14014385631139e-36	1	12
ENSG00000197535.14	0.804287937504549	2.08017469702904e-36	1	12
ENSG00000153904.18	0.804371599826104	2.02018293785045e-36	4	9
ENSG00000083168.9	0.804399426626807	2.00060882016746e-36	2	5
ENSG00000130822.15	0.804840981557551	1.71385089340781e-36	1	5
ENSG00000077092.18	0.804933724028001	1.65897204020767e-36	1	12
ENSG00000132872.11	0.804988165535288	1.62756609965767e-36	1	12
ENSG00000134138.19	0.804992095379877	1.62532183525665e-36	1	2
ENSG00000135740.16	0.805381883178452	1.41720415815796e-36	1	5
ENSG00000177731.15	0.805478351763257	1.36988548874052e-36	2	6
ENSG00000164951.15	0.805694218978915	1.26955778140849e-36	1	12
ENSG00000168961.16	0.805970274573074	1.15172899156506e-36	10	7
ENSG00000125510.15	0.806105592694741	1.09796784392304e-36	1	12
ENSG00000119139.17	0.806178663483184	1.06997149656258e-36	2	1
ENSG00000165300.7	0.806515486363327	9.49736889046945e-37	1	12
ENSG00000117155.16	0.806708743252945	8.86858318719268e-37	1	2
ENSG00000114302.15	0.8067496788553	8.74074604984719e-37	5	12
ENSG00000185591.9	0.806878411403708	8.35042637551293e-37	2	1
ENSG00000188981.10	0.806914097114693	8.24529583374065e-37	1	12
ENSG00000103978.15	0.806942594433189	8.16227821598135e-37	2	1
ENSG00000135596.17	0.806999635401402	7.99857006705883e-37	1	13
ENSG00000134371.10	0.807104756489811	7.70528794604382e-37	5	8
ENSG00000110675.12	0.807115243814564	7.67661575357192e-37	1	12
ENSG00000186288.5	0.807155309139525	7.56804077603657e-37	1	12
ENSG00000154277.12	0.807157923516596	7.56100867989692e-37	1	12
ENSG00000140743.7	0.807270199394219	7.2650003929275e-37	1	12
ENSG00000135018.13	0.807657113485154	6.32963618131473e-37	3	8
ENSG00000099849.14	0.807693262219179	6.2485534257175e-37	1	5
ENSG00000172890.11	0.807871268907505	5.863944016388e-37	2	6
ENSG00000101977.19	0.808027239855568	5.54615273870043e-37	1	12
ENSG00000196090.12	0.808066267959809	5.46932052937806e-37	1	12
ENSG00000271447.5	0.808169375415928	5.27133984444627e-37	4	9
ENSG00000183049.12	0.808206742967086	5.20134335987971e-37	1	12
ENSG00000101367.8	0.808240222345823	5.13940713693014e-37	4	5
ENSG00000008086.11	0.80828907168092	5.05033613608576e-37	1	12
ENSG00000158710.14	0.80829566097337	5.03843815653467e-37	10	11
ENSG00000115685.14	0.808317420831263	4.99934290744197e-37	1	2
ENSG00000133985.2	0.808374600207086	4.89802710195729e-37	1	12
ENSG00000186205.12	0.808436209831396	4.79112128535011e-37	4	9
ENSG00000198720.12	0.808534958658573	4.62453969513997e-37	1	13
ENSG00000110931.18	0.808713330265631	4.33795680268048e-37	1	12
ENSG00000157152.16	0.808810410669314	4.18939824108532e-37	1	12
ENSG00000148180.19	0.808840807821623	4.1439198306677e-37	2	1
ENSG00000129355.6	0.808853780948073	4.12465838365789e-37	1	12
ENSG00000103174.11	0.808944282419701	3.99271742427742e-37	1	5
ENSG00000166171.12	0.809013940385599	3.89399952379106e-37	1	2
ENSG00000188859.6	0.809157008729917	3.69871459933814e-37	1	12
ENSG00000119280.16	0.809437928205954	3.34287861088565e-37	2	1
ENSG00000170091.10	0.809472187137781	3.30185657665777e-37	1	12
ENSG00000136436.14	0.809540326126295	3.22173250393438e-37	5	12
ENSG00000189241.6	0.809699104352577	3.04237272339506e-37	1	2
ENSG00000137825.10	0.809749051523834	2.9880094338879e-37	1	12
ENSG00000131584.18	0.809786118685845	2.94828372016799e-37	1	13
ENSG00000100345.20	0.810016932867036	2.71234811778559e-37	11	10
ENSG00000160014.16	0.810156584047963	2.57872245674762e-37	1	12
ENSG00000005812.10	0.81017513992218	2.56146185014281e-37	5	8
ENSG00000004534.14	0.810191321202638	2.54650287608987e-37	2	6
ENSG00000172466.15	0.810198325908961	2.54005397500709e-37	2	5
ENSG00000156642.16	0.810273991134855	2.4714084598759e-37	1	12
ENSG00000146360.8	0.810343111021571	2.41029781205816e-37	1	12
ENSG00000028528.14	0.810595872412265	2.19922027923704e-37	2	1
ENSG00000128482.15	0.81060680954358	2.19050943942187e-37	1	5
ENSG00000189241.6	0.811051826954289	1.86345514486902e-37	1	12
ENSG00000105726.16	0.81115524773761	1.79461770326954e-37	13	6
ENSG00000185774.14	0.811219340961626	1.75321884861079e-37	1	12
ENSG00000112232.8	0.811268255550406	1.72225751382638e-37	1	12
ENSG00000004660.14	0.81159336033768	1.5297159623802e-37	1	12
ENSG00000088205.12	0.811597341486432	1.52749458699619e-37	5	8
ENSG00000179454.13	0.811600149984937	1.5259294284163e-37	5	8
ENSG00000088538.12	0.811650388871277	1.49819664241044e-37	1	12
ENSG00000153814.11	0.811673408434645	1.48565563232592e-37	1	12
ENSG00000164885.12	0.811749785753848	1.44478061194859e-37	1	12
ENSG00000085733.15	0.811798215275685	1.41943772013141e-37	2	6
ENSG00000172375.12	0.811823243061615	1.40651272569316e-37	1	5
ENSG00000084731.14	0.811831510078956	1.40226891426293e-37	1	12
ENSG00000149243.15	0.811902472441986	1.36635522470485e-37	1	5
ENSG00000172264.16	0.811938374235042	1.34853174280919e-37	1	12
ENSG00000196872.11	0.812373650243538	1.1498119751147e-37	1	12
ENSG00000182389.19	0.812504695319546	1.09584129200315e-37	1	12
ENSG00000006377.10	0.812606813612521	1.05551882061431e-37	1	12
ENSG00000154096.13	0.812709719579693	1.01636250523887e-37	1	12
ENSG00000139970.16	0.812718820409734	1.01296916429298e-37	1	12
ENSG00000164163.10	0.812743171671539	1.0039442468559e-37	5	8
ENSG00000188735.12	0.812804835124037	9.81443139011887e-38	1	5
ENSG00000169006.6	0.812994015894929	9.15461457374016e-38	4	9
ENSG00000176788.8	0.813030877715986	9.03122621743717e-38	1	12
ENSG00000079739.15	0.813124679375907	8.72457226337016e-38	4	9
ENSG00000133134.11	0.813182529397014	8.54058137636722e-38	1	2
ENSG00000076928.17	0.813229120843982	8.39517775571076e-38	2	6
ENSG00000174791.10	0.813415436169657	7.83766932855684e-38	1	5
ENSG00000077279.18	0.813480415146121	7.65193192431264e-38	1	12
ENSG00000186862.17	0.813737389991495	6.95887853797642e-38	1	5
ENSG00000261371.5	0.813853380910082	6.66664765455699e-38	10	11
ENSG00000169116.11	0.813890265694701	6.5762744284135e-38	1	12
ENSG00000108641.14	0.813902771872387	6.5459068653381e-38	1	12
ENSG00000130770.17	0.814017249657968	6.2742651959919e-38	1	12
ENSG00000204052.4	0.814197705481324	5.86842359111379e-38	1	2
ENSG00000065833.8	0.81432804747882	5.59146174207488e-38	4	9
ENSG00000134504.12	0.814483575473876	5.27777105137333e-38	1	12
ENSG00000077080.9	0.814572758119346	5.10577354755309e-38	1	12
ENSG00000164134.12	0.814844018523288	4.61580914272588e-38	5	8
ENSG00000136436.14	0.815000443985851	4.35461175177918e-38	5	1
ENSG00000006740.16	0.815008227993834	4.34200101686565e-38	1	12
ENSG00000132932.16	0.815308105483482	3.88259325184465e-38	1	12
ENSG00000091009.7	0.81535946135993	3.80886393556136e-38	5	8
ENSG00000166619.12	0.815363903999041	3.80255095306117e-38	1	2
ENSG00000198963.10	0.815407162924277	3.74161569301766e-38	4	9
ENSG00000138078.15	0.815587330488669	3.49799537932001e-38	1	12
ENSG00000106367.13	0.815659269975188	3.40514029554959e-38	1	12
ENSG00000185760.15	0.81575259586588	3.28828651909477e-38	1	12
ENSG00000008513.14	0.815965588680491	3.03617148459077e-38	12	10
ENSG00000149970.14	0.815986090127929	3.01293221273259e-38	1	12
ENSG00000067842.17	0.816009280706429	2.98685557597438e-38	1	12
ENSG00000143570.17	0.816064419243684	2.92574328546175e-38	12	10
ENSG00000162951.10	0.816180222143221	2.80137106484511e-38	1	12
ENSG00000179841.8	0.816379704676523	2.59921073230097e-38	1	2
ENSG00000156395.12	0.816896883697816	2.13954660611967e-38	1	12
ENSG00000086598.10	0.816914330142855	2.12552352934701e-38	5	8
ENSG00000164794.8	0.817144782263636	1.94856216771341e-38	1	12
ENSG00000139631.18	0.817228329187525	1.88805580710583e-38	2	6
ENSG00000125814.17	0.817338521713619	1.81107114233949e-38	1	12
ENSG00000091592.15	0.817352726632731	1.8013745304281e-38	1	2
ENSG00000154832.14	0.817448473158124	1.73733505601791e-38	6	13
ENSG00000164488.11	0.817478151794976	1.71794332697516e-38	1	12
ENSG00000178467.17	0.81777681119113	1.53427877309644e-38	1	5
ENSG00000113327.15	0.818025385542068	1.39625856714772e-38	1	12
ENSG00000072201.13	0.818114081720556	1.35002895426165e-38	1	12
ENSG00000091972.18	0.818218586066012	1.29748961449252e-38	1	12
ENSG00000145428.14	0.818338182500642	1.23982812369015e-38	1	12
ENSG00000130477.15	0.818462534703551	1.18254752569268e-38	1	12
ENSG00000155100.10	0.818846974139498	1.02143308272522e-38	5	8
ENSG00000049245.12	0.819008694269836	9.6029992884687e-39	2	1
ENSG00000110274.15	0.819213256552192	8.88106368582019e-39	6	13
ENSG00000198825.12	0.819422360046842	8.19832633024603e-39	1	12
ENSG00000176204.13	0.819456489090971	8.0919063150978e-39	1	12
ENSG00000182901.16	0.819670464892065	7.4549979433994e-39	1	12
ENSG00000168824.14	0.819718959453356	7.31765593854146e-39	1	12
ENSG00000135824.12	0.819823042589014	7.03123122755978e-39	1	12
ENSG00000097021.19	0.819829313278812	7.01433178713769e-39	1	12
ENSG00000077585.13	0.819939995511063	6.72253812565458e-39	4	9
ENSG00000197586.12	0.819979297346627	6.62182643249728e-39	1	5
ENSG00000102755.11	0.819980006362019	6.62002326692972e-39	10	11
ENSG00000162572.20	0.82006699230759	6.40242732165186e-39	1	13
ENSG00000273079.5	0.820353781377341	5.73369017397115e-39	1	12
ENSG00000183780.12	0.82065057464001	5.11402130443817e-39	1	12
ENSG00000253368.3	0.820653382467941	5.10848559895638e-39	1	12
ENSG00000198300.12	0.82072637496514	4.9666297992767e-39	1	12
ENSG00000112367.10	0.820886181045691	4.66945072452988e-39	1	12
ENSG00000221978.11	0.820976386272025	4.50950183284254e-39	2	6
ENSG00000260230.2	0.820993328846658	4.4800669669934e-39	1	12
ENSG00000155093.17	0.821255491748813	4.04797917196855e-39	1	12
ENSG00000135148.11	0.821327125699236	3.93722691886228e-39	12	1
ENSG00000198794.11	0.821864451049772	3.19630176649553e-39	1	12
ENSG00000138796.16	0.821959902933182	3.07986504317794e-39	4	9
ENSG00000114353.16	0.822207040092961	2.79743674441809e-39	12	1
ENSG00000143337.18	0.822695236109053	2.31235390035284e-39	4	5
ENSG00000166206.14	0.823018570700546	2.03768915785975e-39	1	12
ENSG00000108465.14	0.823148157248842	1.93685489558721e-39	6	13
ENSG00000198216.10	0.823721463303902	1.54656974876835e-39	1	12
ENSG00000178965.13	0.823889591468313	1.44758050838712e-39	1	12
ENSG00000123612.15	0.824171245574035	1.29553798242904e-39	1	12
ENSG00000167778.8	0.824658082815541	1.06892359265548e-39	1	2
ENSG00000067182.7	0.82488780697045	9.76009848572218e-40	12	10
ENSG00000183283.15	0.824910660423208	9.67213285534989e-40	4	5
ENSG00000176749.8	0.825309980129752	8.25518574885216e-40	1	12
ENSG00000196876.15	0.825492262882532	7.67829408752931e-40	1	12
ENSG00000187676.7	0.825894966215729	6.5407597918781e-40	1	12
ENSG00000205593.11	0.825914849465423	6.48911241605665e-40	1	5
ENSG00000183785.14	0.826035234944745	6.18486895091603e-40	1	12
ENSG00000248485.1	0.826111843844391	5.9986140781165e-40	1	12
ENSG00000169891.17	0.82613530611636	5.94268365913339e-40	1	12
ENSG00000182400.14	0.826501224479093	5.13397855031205e-40	1	12
ENSG00000107295.9	0.826714795965315	4.71309512194228e-40	1	12
ENSG00000144040.12	0.826813485283507	4.53026242584202e-40	4	9
ENSG00000142686.7	0.826816556843678	4.52468546965795e-40	1	12
ENSG00000100836.10	0.826917293206992	4.34547816323381e-40	6	13
ENSG00000072133.10	0.826926687086474	4.32912715507083e-40	1	12
ENSG00000149823.8	0.826968662865248	4.25680062152291e-40	1	5
ENSG00000064655.18	0.827168592500951	3.92830662678527e-40	4	9
ENSG00000170579.16	0.827283326850353	3.75119477719472e-40	1	12
ENSG00000070961.15	0.827538766892835	3.384617931226e-40	1	12
ENSG00000141404.15	0.827714171539432	3.15355318466336e-40	1	12
ENSG00000188674.10	0.827835764544595	3.00255884060125e-40	1	12
ENSG00000179776.17	0.828175010534638	2.61789217534713e-40	10	11
ENSG00000068383.18	0.828260789045114	2.52857844727043e-40	1	12
ENSG00000158109.14	0.828545586310364	2.25301541014709e-40	1	2
ENSG00000133169.5	0.828743665127137	2.07900815416794e-40	1	12
ENSG00000106052.13	0.82940900277768	1.58589078430437e-40	5	8
ENSG00000153233.12	0.829440550419982	1.56561633502199e-40	1	12
ENSG00000082153.17	0.829586364707701	1.47517259984163e-40	5	8
ENSG00000164181.13	0.829844808587196	1.32732976744261e-40	10	11
ENSG00000136758.18	0.830238900106852	1.12951938294317e-40	5	8
ENSG00000154370.15	0.83079938240798	8.97235707637065e-41	1	5
ENSG00000143418.19	0.830909805142408	8.57362432156363e-41	2	1
ENSG00000014641.17	0.831107631637018	7.90241818424072e-41	1	12
ENSG00000112343.10	0.831462450984933	6.82564701520285e-41	10	11
ENSG00000133627.17	0.831540147395363	6.60988208031956e-41	1	12
ENSG00000094631.18	0.832104588336516	5.23161882880737e-41	2	6
ENSG00000175182.14	0.832219520638912	4.98781671212303e-41	1	2
ENSG00000135333.13	0.832294087544572	4.83565735438956e-41	1	12
ENSG00000158560.14	0.832323885388891	4.77613837387994e-41	1	12
ENSG00000101438.3	0.832360448848004	4.704089957455e-41	1	12
ENSG00000131089.15	0.832450087701684	4.53195089575363e-41	1	12
ENSG00000167615.16	0.832606696493621	4.24595871552875e-41	6	13
ENSG00000148672.8	0.832706201347859	4.0735544256592e-41	4	9
ENSG00000101349.16	0.832884525950699	3.78165322790093e-41	1	12
ENSG00000198934.4	0.833093166772801	3.46618452654276e-41	1	12
ENSG00000136267.13	0.834209555751589	2.17039995225994e-41	1	12
ENSG00000139973.16	0.834651162174772	1.80176622775482e-41	1	12
ENSG00000142046.14	0.83487094652925	1.64200839830984e-41	1	5
ENSG00000185742.6	0.834888419263504	1.62992330645635e-41	1	12
ENSG00000132879.13	0.835117399780372	1.47941123940459e-41	1	5
ENSG00000107758.15	0.83560491370092	1.20305749110021e-41	1	12
ENSG00000169180.11	0.835808001824414	1.1035442737835e-41	2	6
ENSG00000025772.7	0.836260227065263	9.10144243358837e-42	1	2
ENSG00000046653.14	0.83640986451031	8.53817864980373e-42	4	5
ENSG00000100473.15	0.836481576842365	8.28054249324723e-42	1	12
ENSG00000163995.19	0.83651323885606	8.16924190189571e-42	1	12
ENSG00000171724.2	0.836542044863648	8.0692608964247e-42	1	12
ENSG00000144290.16	0.836800961867229	7.22300041441488e-42	1	12
ENSG00000065308.4	0.836863659016408	7.0315907841386e-42	10	11
ENSG00000163001.11	0.837018754890828	6.57928372267521e-42	1	2
ENSG00000205090.8	0.83705629494815	6.47418405107686e-42	1	12
ENSG00000164089.8	0.837197937064865	6.09230498911868e-42	4	9
ENSG00000111218.11	0.837315783399272	5.7915482739387e-42	1	12
ENSG00000102385.12	0.837406668254529	5.56962580283897e-42	1	12
ENSG00000184613.10	0.83760883463229	5.10555563354015e-42	1	12
ENSG00000163673.7	0.837610606649442	5.1016611589864e-42	1	12
ENSG00000178996.13	0.838256687298433	3.86024911452522e-42	4	5
ENSG00000145087.12	0.838304924943425	3.78052990081488e-42	1	12
ENSG00000143502.14	0.838817568244998	3.02729939519056e-42	1	12
ENSG00000157064.10	0.838910236531	2.90787621574702e-42	1	12
ENSG00000123064.12	0.839119406784215	2.65509868100104e-42	1	12
ENSG00000141556.20	0.839428193823161	2.32098577190536e-42	1	5
ENSG00000182050.13	0.839643807630342	2.11258894205194e-42	4	9
ENSG00000141380.13	0.840130326313631	1.70765537873122e-42	4	5
ENSG00000101152.10	0.840278459650068	1.60029734273873e-42	1	2
ENSG00000184515.10	0.840346114185553	1.55350262820916e-42	1	12
ENSG00000188647.12	0.840380192775776	1.53044417420876e-42	4	5
ENSG00000233508.2	0.840543716250996	1.42440310048808e-42	1	12
ENSG00000186487.17	0.841212859220121	1.06085811927738e-42	1	12
ENSG00000144406.18	0.841618754291399	8.86623964379766e-43	1	12
ENSG00000112290.12	0.841874939677399	7.91494099768436e-43	1	12
ENSG00000154174.7	0.843122368479573	4.54123535412329e-43	1	12
ENSG00000153558.13	0.843433188371681	3.9511941565937e-43	1	12
ENSG00000075340.22	0.843861683883118	3.25973218842613e-43	1	12
ENSG00000151948.11	0.844087036877881	2.94538754955791e-43	1	12
ENSG00000162618.13	0.844517595306537	2.42552842301167e-43	10	11
ENSG00000183036.10	0.845258244910438	1.7343230779009e-43	1	12
ENSG00000221823.10	0.845268413391611	1.72633341602035e-43	1	12
ENSG00000204580.13	0.845380903771098	1.64032842246757e-43	12	1
ENSG00000157554.18	0.845437865377159	1.5984011421869e-43	10	11
ENSG00000102078.15	0.845439366965815	1.5973102733104e-43	1	12
ENSG00000169933.13	0.8457356884749	1.39578087281553e-43	1	12
ENSG00000158528.11	0.845841882219941	1.32983136425869e-43	1	12
ENSG00000213199.7	0.846348236060032	1.05522977505802e-43	1	13
ENSG00000169744.12	0.846841918265879	8.41514593650995e-44	1	12
ENSG00000177182.10	0.846900682049772	8.19104835790584e-44	1	12
ENSG00000186377.7	0.847200255214234	7.13681067313262e-44	1	12
ENSG00000110427.14	0.847253805469282	6.96297405680554e-44	1	12
ENSG00000168394.10	0.847522569846043	6.15152853275032e-44	12	10
ENSG00000117528.11	0.848259405446098	4.37442178240216e-44	4	5
ENSG00000166111.9	0.848489065738389	3.93197812355051e-44	1	12
ENSG00000102158.19	0.848687418381379	3.58552459640401e-44	5	1
ENSG00000197324.8	0.848698292141614	3.567426481197e-44	4	12
ENSG00000172995.16	0.848991934847393	3.11130154860933e-44	1	12
ENSG00000084093.16	0.849052458583991	3.02468811251483e-44	5	1
ENSG00000003096.14	0.849428614890315	2.53719827817598e-44	1	12
ENSG00000114302.15	0.849786554065995	2.14551204056575e-44	5	1
ENSG00000130226.16	0.850058748198277	1.88810220183214e-44	1	12
ENSG00000159658.10	0.850683285335758	1.40686920057024e-44	2	5
ENSG00000102699.5	0.850908922639808	1.26458451052093e-44	2	1
ENSG00000050748.17	0.850990237124365	1.21686258128725e-44	1	12
ENSG00000124570.17	0.851225886477975	1.08835446161183e-44	12	1
ENSG00000182979.17	0.851316234588167	1.04271172693438e-44	6	3
ENSG00000152495.10	0.85137914936022	1.01204641387603e-44	1	12
ENSG00000213424.8	0.851502468149409	9.54492992340073e-45	1	12
ENSG00000136531.15	0.85229691070212	6.53745375702554e-45	1	12
ENSG00000184368.15	0.852814462317916	5.10283645229529e-45	1	12
ENSG00000157445.14	0.853430378912537	3.7951262061719e-45	1	12
ENSG00000172575.11	0.853704632135249	3.32491500980085e-45	1	12
ENSG00000073969.18	0.854494413035727	2.26826458269924e-45	1	12
ENSG00000120915.13	0.855174598135236	1.62879206473468e-45	4	9
ENSG00000116478.11	0.855691711098266	1.26481519382889e-45	2	1
ENSG00000183255.11	0.855743035653925	1.23339450278319e-45	12	1
ENSG00000137494.13	0.856112512299639	1.02879617870178e-45	1	2
ENSG00000104723.20	0.85632596832546	9.26232562486852e-46	1	12
ENSG00000112531.16	0.856372207350064	9.05378985310038e-46	2	5
ENSG00000117519.15	0.856668299696557	7.82383698793827e-46	4	12
ENSG00000149575.5	0.857206721969856	5.99441016174628e-46	1	12
ENSG00000068615.17	0.858861988581908	2.62508054496905e-46	1	12
ENSG00000176978.13	0.859771749183853	1.65996331342316e-46	1	13
ENSG00000078328.19	0.860626303397018	1.0760999615722e-46	1	12
ENSG00000168610.14	0.861076216232383	8.55538917529397e-47	12	10
ENSG00000101079.20	0.861701539846081	6.21166303460075e-47	1	12
ENSG00000120063.9	0.862098907566303	5.06412455826617e-47	4	5
ENSG00000168096.14	0.862263160414872	4.65326380943847e-47	1	13
ENSG00000061918.12	0.863449335433998	2.5174993806992e-47	1	12
ENSG00000158195.10	0.86695291007698	3.96352813864008e-48	12	1
ENSG00000104859.14	0.8688944400817	1.39079445643458e-48	2	6
ENSG00000166922.8	0.869877296499473	8.13286541799473e-49	1	12
ENSG00000262655.3	0.87100512832127	4.37023643489368e-49	4	9
ENSG00000172915.18	0.872348717831834	2.06933469269499e-49	1	12
ENSG00000067560.10	0.873045780146668	1.39938163212587e-49	5	1
ENSG00000182149.20	0.873307244746685	1.20767679992877e-49	2	1
ENSG00000204592.8	0.877588581541631	1.03174531306976e-50	10	11
ENSG00000213339.8	0.879130722511733	4.15805248485642e-51	1	13
ENSG00000128989.10	0.88081394168482	1.5201922994906e-51	1	12
ENSG00000082458.11	0.88216284428054	6.71287716501972e-52	1	12
ENSG00000115902.10	0.882311863396776	6.1295021410589e-52	4	9
ENSG00000061936.9	0.88247524673526	5.54720694452325e-52	2	6
ENSG00000123570.3	0.884561324816214	1.53053820667326e-52	1	12
ENSG00000145623.12	0.904481841825583	1.70359503634075e-58	12	10
