gene	corr	pvalue	gene_mod	pc_mod
ENSG00000073712.14	0.770862985224716	6.47910543846961e-20	4	6
ENSG00000134780.9	0.770978731691558	6.34699633742939e-20	1	14
ENSG00000139988.9	0.770980489231001	6.34501065408259e-20	1	6
ENSG00000183111.11	0.771006337598819	6.31587656706979e-20	3	10
ENSG00000158109.14	0.771080857144867	6.23261007451101e-20	1	6
ENSG00000108947.4	0.771236949732335	6.06163823457768e-20	1	6
ENSG00000014216.15	0.771248871193817	6.04876934868487e-20	1	3
ENSG00000143590.13	0.771286798782133	6.00800389440142e-20	1	6
ENSG00000119950.20	0.771344977930714	5.94598989917575e-20	6	10
ENSG00000119574.12	0.771426351277271	5.86029511224398e-20	1	6
ENSG00000168032.8	0.771428232429303	5.85832831953479e-20	1	6
ENSG00000182768.8	0.771557669076392	5.72452832275068e-20	1	3
ENSG00000108061.11	0.771689831683024	5.5909756683672e-20	1	6
ENSG00000239382.10	0.771695439869225	5.58537597559642e-20	1	6
ENSG00000065559.14	0.771705497647242	5.57534707670546e-20	1	6
ENSG00000159720.11	0.771711906108326	5.56896614458195e-20	1	6
ENSG00000133226.16	0.771758936783098	5.52235413587179e-20	3	8
ENSG00000145198.14	0.771835472946201	5.4473085579398e-20	1	6
ENSG00000173267.13	0.771919973765208	5.3656043237381e-20	1	10
ENSG00000132938.19	0.771933322698158	5.35280657156862e-20	1	6
ENSG00000118007.12	0.771968931011774	5.31881344152182e-20	6	10
ENSG00000171813.13	0.772122344707867	5.17474177165692e-20	1	6
ENSG00000172466.15	0.772152977902424	5.14643162295475e-20	10	3
ENSG00000260903.2	0.772215797076311	5.08884625391584e-20	1	13
ENSG00000011009.10	0.772244588138659	5.06266362623388e-20	1	10
ENSG00000083168.9	0.772284715723765	5.02638979570545e-20	6	1
ENSG00000125149.11	0.772292845706556	5.01907142366127e-20	3	12
ENSG00000139644.12	0.772425362833442	4.90123304510926e-20	4	6
ENSG00000131507.10	0.772493753023784	4.84147452639581e-20	1	3
ENSG00000138069.16	0.772494554367932	4.84077853538389e-20	1	3
ENSG00000113763.10	0.772565333991058	4.77968635910095e-20	1	6
ENSG00000010017.12	0.772668852094096	4.69168363226575e-20	1	3
ENSG00000277531.2	0.772723303889295	4.64602708274657e-20	1	6
ENSG00000123989.13	0.772785326287686	4.59454860990189e-20	1	10
ENSG00000147642.16	0.772868991957646	4.52598356124489e-20	1	10
ENSG00000022277.12	0.773021788284725	4.4033221124875e-20	6	1
ENSG00000119242.8	0.77311271567498	4.3318672822476e-20	1	13
ENSG00000077279.18	0.773113782331178	4.3310357791649e-20	1	6
ENSG00000226380.9	0.773146252274645	4.3057981876373e-20	1	6
ENSG00000099783.11	0.773272289647024	4.20918137776982e-20	10	1
ENSG00000049245.12	0.773333965785691	4.16267307920214e-20	10	6
ENSG00000139725.7	0.773344453757031	4.15481422111322e-20	1	6
ENSG00000150867.13	0.77335566283604	4.14643096032767e-20	3	10
ENSG00000129245.11	0.773446085011953	4.07940273421097e-20	1	6
ENSG00000158560.14	0.773517522637269	4.02719303473797e-20	1	6
ENSG00000172794.19	0.773584898353129	3.97854727909433e-20	1	13
ENSG00000142623.9	0.773641400977901	3.93819260231763e-20	1	6
ENSG00000100697.14	0.773708883492249	3.8905170112173e-20	3	10
ENSG00000257365.7	0.773854202135498	3.78974765463475e-20	3	12
ENSG00000101298.13	0.773888348881324	3.76643962770156e-20	1	6
ENSG00000131467.10	0.773907512488617	3.75341994106195e-20	1	3
ENSG00000180739.13	0.773940048188188	3.73141539263925e-20	3	14
ENSG00000126091.19	0.773947614334559	3.72631624937487e-20	1	10
ENSG00000186288.5	0.773948315040407	3.72584435705553e-20	1	6
ENSG00000145730.20	0.773951342120399	3.72380642876798e-20	1	6
ENSG00000160293.16	0.773955125896932	3.72126059100101e-20	1	10
ENSG00000100784.10	0.774026341921321	3.67365861133793e-20	6	10
ENSG00000170382.11	0.774040494368294	3.6642696116595e-20	1	10
ENSG00000184258.6	0.774103059596599	3.62304131445972e-20	1	6
ENSG00000163428.3	0.774194520392918	3.56358190428889e-20	6	1
ENSG00000219200.11	0.774246168700653	3.5304249932475e-20	1	6
ENSG00000180398.11	0.774257293526862	3.52332247726076e-20	1	3
ENSG00000177542.10	0.774263111082186	3.51961385772043e-20	1	10
ENSG00000103111.14	0.774282778719538	3.50710405124246e-20	10	1
ENSG00000197444.9	0.774316621325519	3.48567917746604e-20	1	14
ENSG00000088543.14	0.774321673889659	3.48249146200303e-20	1	14
ENSG00000129292.20	0.77432627489361	3.47959110512311e-20	6	1
ENSG00000122435.9	0.774403369674839	3.43134025758732e-20	3	10
ENSG00000170653.18	0.774456230438591	3.39863301420402e-20	6	1
ENSG00000185518.11	0.774476830317511	3.38596918610176e-20	1	6
ENSG00000169562.9	0.774590709276838	3.31678492868159e-20	3	12
ENSG00000197892.12	0.77466293290183	3.2736212866378e-20	3	14
ENSG00000156959.8	0.774674642576235	3.26667475175771e-20	1	6
ENSG00000069966.18	0.774675893210036	3.26593368495375e-20	1	3
ENSG00000122008.15	0.774847975114057	3.16550872113722e-20	3	10
ENSG00000152332.15	0.774851180145851	3.16366706774759e-20	1	6
ENSG00000163946.13	0.774925152905054	3.12144952699808e-20	3	1
ENSG00000140299.11	0.774928312857603	3.1196583339548e-20	6	1
ENSG00000159164.9	0.774966716812781	3.09796904522082e-20	1	13
ENSG00000008394.12	0.775020151238556	3.06803467049662e-20	4	13
ENSG00000143303.11	0.775041053572791	3.0564016675966e-20	3	8
ENSG00000108852.14	0.775091787772722	3.02834401106898e-20	3	12
ENSG00000123096.11	0.775137817071299	3.00310499128703e-20	4	13
ENSG00000144451.18	0.775211247382061	2.96326391151472e-20	6	10
ENSG00000161203.13	0.775218660686896	2.95927033936312e-20	1	6
ENSG00000204991.10	0.775231809691393	2.95219978865909e-20	1	10
ENSG00000154767.14	0.775250063308075	2.94241156750095e-20	3	10
ENSG00000129451.11	0.775257606237037	2.93837600330933e-20	1	13
ENSG00000166444.18	0.775409460472075	2.85826681977475e-20	4	12
ENSG00000169515.5	0.775442189231051	2.84128121686601e-20	4	13
ENSG00000128203.6	0.775459341085765	2.83241894556872e-20	1	6
ENSG00000073670.13	0.775492450555577	2.81538737544268e-20	1	13
ENSG00000173064.12	0.775509937213661	2.8064324125936e-20	1	13
ENSG00000225783.6	0.775579055677818	2.77130682645893e-20	1	6
ENSG00000125871.13	0.775595927646226	2.7627976850344e-20	6	1
ENSG00000203618.5	0.775606055549799	2.75770201934942e-20	1	6
ENSG00000108381.10	0.77566087552876	2.73027848713106e-20	3	10
ENSG00000103495.13	0.775750825264219	2.68585459044236e-20	1	6
ENSG00000100284.20	0.775759209031459	2.68175003059655e-20	1	10
ENSG00000099624.7	0.775808480231613	2.65775053154437e-20	1	6
ENSG00000091157.13	0.7758185156421	2.65288803491039e-20	1	13
ENSG00000164251.4	0.775820309682222	2.65201967305228e-20	4	13
ENSG00000186310.9	0.775838950739008	2.64301324972085e-20	1	6
ENSG00000101463.5	0.775848552686927	2.6383856761582e-20	3	14
ENSG00000139323.13	0.775950791913866	2.58959810056662e-20	10	6
ENSG00000100299.17	0.776009529981438	2.56196659483059e-20	3	8
ENSG00000100138.13	0.776043660963155	2.54604257440341e-20	1	6
ENSG00000173327.7	0.776109181920777	2.51574249139615e-20	3	14
ENSG00000060762.18	0.776125564416559	2.50822136525916e-20	6	1
ENSG00000068400.13	0.776165486726022	2.48998461474155e-20	1	13
ENSG00000118733.16	0.776231826211645	2.45996494219814e-20	1	6
ENSG00000125755.18	0.776240283959386	2.45616304934372e-20	8	11
ENSG00000148985.19	0.776242446846973	2.45519171403011e-20	3	8
ENSG00000187066.8	0.776297993723119	2.43037357523983e-20	3	8
ENSG00000065809.13	0.776332202422765	2.41521074772433e-20	10	3
ENSG00000108387.14	0.776332911580336	2.41489739205666e-20	3	10
ENSG00000198825.12	0.776418667819198	2.37729411543214e-20	1	13
ENSG00000144224.16	0.776423946327118	2.37499822647685e-20	6	1
ENSG00000048544.5	0.776444448362024	2.36610128014925e-20	1	8
ENSG00000132975.7	0.776482214382201	2.34979726360676e-20	1	6
ENSG00000157191.19	0.776489713678105	2.34657275112386e-20	6	13
ENSG00000132122.11	0.776521823037933	2.33281507395504e-20	3	1
ENSG00000124702.17	0.776540905917156	2.32467593472385e-20	1	10
ENSG00000119471.14	0.776546162303481	2.32243885794875e-20	4	13
ENSG00000144224.16	0.776546685921174	2.32221612498871e-20	6	10
ENSG00000122490.18	0.776616909814155	2.29253209460573e-20	1	10
ENSG00000188554.13	0.776626786591589	2.28838681906822e-20	6	1
ENSG00000014216.15	0.776631987394586	2.28620697491599e-20	1	14
ENSG00000132846.5	0.776635170573201	2.28487378561662e-20	3	1
ENSG00000147465.11	0.77664916802534	2.27902028751269e-20	1	6
ENSG00000172782.11	0.776700158025077	2.2578201184586e-20	1	6
ENSG00000011295.15	0.776735601019873	2.24319698803541e-20	1	14
ENSG00000175416.12	0.776808687238235	2.21333296975199e-20	1	10
ENSG00000079482.12	0.776880790616774	2.18424935303498e-20	4	12
ENSG00000155111.14	0.77694678134043	2.15795708700447e-20	3	14
ENSG00000148331.11	0.776963204982357	2.1514614732304e-20	1	14
ENSG00000176973.7	0.777041949525375	2.12058074366097e-20	1	6
ENSG00000100304.12	0.777133705772358	2.08514053830727e-20	1	6
ENSG00000164885.12	0.777172544984246	2.07031317502039e-20	1	13
ENSG00000164919.10	0.777197429468093	2.06086712026963e-20	1	6
ENSG00000137261.13	0.777281950168043	2.02909509620408e-20	1	14
ENSG00000170445.12	0.77731470999483	2.01690886283005e-20	1	10
ENSG00000109466.13	0.777425598813349	1.97618523412448e-20	10	1
ENSG00000111674.8	0.777428095205754	1.97527770132173e-20	1	13
ENSG00000145888.10	0.777457505411196	1.96461643067671e-20	1	6
ENSG00000122435.9	0.777497007108253	1.95038493323641e-20	3	1
ENSG00000107862.4	0.777525549799735	1.94016410443167e-20	1	14
ENSG00000149577.15	0.777537639278035	1.93585070413246e-20	3	8
ENSG00000131943.17	0.777572402915863	1.92349926654154e-20	1	10
ENSG00000129933.20	0.777602878716327	1.91273431791398e-20	3	8
ENSG00000143799.12	0.777647381622646	1.89711969510236e-20	6	10
ENSG00000142686.7	0.777741228145016	1.86459702271881e-20	1	6
ENSG00000139364.10	0.777742482131821	1.86416614158642e-20	1	6
ENSG00000184388.5	0.777750165877474	1.86152804994768e-20	1	6
ENSG00000115758.12	0.777783095017467	1.85026339055351e-20	4	12
ENSG00000267127.7	0.77779978066966	1.84458074959319e-20	8	11
ENSG00000067606.16	0.77788035112676	1.81737867473805e-20	1	13
ENSG00000160209.18	0.777909658101893	1.80758112619852e-20	1	10
ENSG00000122126.15	0.777922088273546	1.80344114507586e-20	1	10
ENSG00000160767.20	0.777951926015723	1.79354099064769e-20	1	6
ENSG00000174607.10	0.777952548962044	1.79333486118064e-20	3	12
ENSG00000187135.7	0.778060835471169	1.75785115020372e-20	3	14
ENSG00000139405.15	0.778062859669444	1.75719439442959e-20	1	10
ENSG00000257151.1	0.778090329684728	1.74830522868149e-20	1	6
ENSG00000170786.12	0.778093235271711	1.74736755450083e-20	1	6
ENSG00000182836.9	0.778117655345098	1.7395061429607e-20	1	6
ENSG00000197170.9	0.778150508625705	1.72898409017787e-20	1	10
ENSG00000204161.13	0.778186868285975	1.71741114719799e-20	3	14
ENSG00000165716.10	0.778200808745315	1.7129940244213e-20	1	6
ENSG00000085982.13	0.778211329552758	1.70966775299194e-20	3	8
ENSG00000157827.19	0.778220650358286	1.70672612064304e-20	3	10
ENSG00000167733.13	0.778223701781998	1.70576416513291e-20	1	6
ENSG00000126777.17	0.778227849601104	1.70445741800559e-20	10	14
ENSG00000111640.14	0.778228577716488	1.70422812975111e-20	1	10
ENSG00000169504.14	0.77828688095311	1.68596504701046e-20	6	1
ENSG00000182230.11	0.7783080437348	1.67938312209834e-20	1	6
ENSG00000008283.15	0.778322052838529	1.6750398374572e-20	1	6
ENSG00000167680.15	0.778357594530362	1.66406966621658e-20	1	6
ENSG00000108239.8	0.778387773320121	1.65480963518683e-20	3	14
ENSG00000167770.11	0.778496590031976	1.62183445232201e-20	1	6
ENSG00000166676.14	0.778519866344164	1.61486430847157e-20	1	10
ENSG00000144451.18	0.778557514419982	1.60365209315724e-20	6	1
ENSG00000078668.13	0.778560030389914	1.60290549921391e-20	1	6
ENSG00000130787.13	0.778663424563369	1.57251460585045e-20	3	8
ENSG00000154553.13	0.778670441818361	1.57047242671272e-20	4	13
ENSG00000148730.6	0.778745114739324	1.54889996592279e-20	4	12
ENSG00000283154.2	0.778749986800701	1.54750251630815e-20	3	12
ENSG00000198315.10	0.778841289978029	1.52153962855649e-20	6	1
ENSG00000109762.15	0.779046069789182	1.46483887682089e-20	1	6
ENSG00000143157.11	0.77908370254488	1.45464467608633e-20	10	14
ENSG00000203485.12	0.779121467861813	1.44448389856508e-20	3	8
ENSG00000189067.12	0.779152069805645	1.43630105821525e-20	3	10
ENSG00000152620.12	0.779330564853834	1.38946244308852e-20	4	13
ENSG00000177511.5	0.779352883649597	1.38371127356496e-20	1	6
ENSG00000138592.13	0.779364126233013	1.38082302297433e-20	5	11
ENSG00000100201.20	0.779369686360083	1.37939677748404e-20	3	8
ENSG00000188229.5	0.779420247350008	1.3664927619977e-20	1	10
ENSG00000145920.14	0.77950079824407	1.34617681993323e-20	1	6
ENSG00000005810.17	0.779545772214735	1.33496185590191e-20	1	6
ENSG00000148341.17	0.779571710014518	1.3285352050864e-20	3	12
ENSG00000092199.17	0.779590406135469	1.32392149709852e-20	6	1
ENSG00000156256.14	0.779610447524279	1.31899310746165e-20	10	1
ENSG00000090975.12	0.779632990162665	1.31347094250098e-20	1	10
ENSG00000143147.14	0.779759040341524	1.28300469789877e-20	1	3
ENSG00000188385.11	0.779797657960074	1.27380909074977e-20	3	12
ENSG00000117266.15	0.779803786677561	1.27235562617784e-20	3	12
ENSG00000162636.15	0.779817125685115	1.26919776528705e-20	1	6
ENSG00000159658.10	0.779826976722126	1.26687053415362e-20	10	1
ENSG00000185883.11	0.780000484870121	1.22655402962227e-20	1	6
ENSG00000105404.10	0.780001905470739	1.22622914130072e-20	1	6
ENSG00000123352.17	0.780038265691137	1.21794204740828e-20	1	6
ENSG00000129951.18	0.780090022253283	1.20623970041826e-20	1	6
ENSG00000169255.13	0.780221549295537	1.17699056986497e-20	1	3
ENSG00000162496.8	0.780250997963108	1.1705368276358e-20	4	13
ENSG00000075399.13	0.780287807769591	1.16251823007341e-20	1	6
ENSG00000172340.14	0.780339274734522	1.15139619302186e-20	4	13
ENSG00000127824.13	0.780442784318955	1.12934003242893e-20	1	10
ENSG00000163235.15	0.780470550959481	1.12349363374797e-20	3	10
ENSG00000139725.7	0.780483349019802	1.12080885588324e-20	1	10
ENSG00000271303.1	0.780544279928403	1.10811205201738e-20	1	3
ENSG00000138663.8	0.780576449867102	1.10146497575861e-20	1	3
ENSG00000033122.18	0.780630133457191	1.0904588736879e-20	1	6
ENSG00000188322.4	0.780706006570164	1.07508564179533e-20	1	6
ENSG00000086015.20	0.780711917849362	1.07389679816202e-20	1	6
ENSG00000172731.13	0.780714619989941	1.07335378432604e-20	1	10
ENSG00000154917.10	0.780717283378416	1.07281881917579e-20	1	6
ENSG00000178951.8	0.780734202538418	1.06942650361775e-20	1	6
ENSG00000112640.14	0.78073874244781	1.06851802104511e-20	1	10
ENSG00000225110.2	0.780800165112446	1.05630020220816e-20	1	6
ENSG00000272031.2	0.780806438296066	1.0550600490588e-20	1	13
ENSG00000155367.15	0.780829160645503	1.05057987693498e-20	1	6
ENSG00000114383.9	0.78087923832464	1.04077123688262e-20	1	6
ENSG00000102003.10	0.780950832795234	1.02690258383141e-20	1	13
ENSG00000153208.16	0.780963322621303	1.02450163771561e-20	4	12
ENSG00000109787.12	0.780980190880045	1.02126767548115e-20	6	1
ENSG00000156097.12	0.78101200291426	1.01519569228592e-20	1	13
ENSG00000119689.14	0.781094531341488	9.99606582463255e-21	4	14
ENSG00000156990.14	0.781105589320736	9.97535558460246e-21	1	6
ENSG00000261326.2	0.781115178720541	9.95742958634117e-21	3	8
ENSG00000197774.12	0.781190008855686	9.81861692562925e-21	1	6
ENSG00000105723.11	0.781244629022432	9.71848397674505e-21	1	13
ENSG00000142686.7	0.781251856588919	9.70530856514168e-21	1	13
ENSG00000104904.12	0.781272674687336	9.6674554016509e-21	1	3
ENSG00000107758.15	0.781386125967237	9.46367764250013e-21	1	6
ENSG00000197355.10	0.78140318118324	9.43340686830844e-21	3	8
ENSG00000205090.8	0.781509995223677	9.24595536764353e-21	1	6
ENSG00000100280.16	0.781540926943627	9.19235175149416e-21	1	3
ENSG00000196586.13	0.781558102456643	9.16271773999211e-21	10	3
ENSG00000129675.15	0.781575906829595	9.13209674755211e-21	4	13
ENSG00000165238.16	0.78158607510066	9.11465341763982e-21	1	6
ENSG00000086015.20	0.781614729771103	9.06567134210837e-21	1	10
ENSG00000118276.11	0.781682119450446	8.95148227391147e-21	1	6
ENSG00000184524.5	0.781713905881487	8.89810791430577e-21	1	10
ENSG00000073969.18	0.781725695508847	8.87839005340722e-21	1	6
ENSG00000104853.15	0.781768493473825	8.80716782803639e-21	1	10
ENSG00000122733.12	0.781843415685172	8.68382095161087e-21	1	6
ENSG00000116266.10	0.781973147176296	8.47419978751529e-21	3	1
ENSG00000159658.10	0.782030464424911	8.38316057216289e-21	10	6
ENSG00000119283.15	0.782038049912487	8.37118371558124e-21	1	6
ENSG00000163875.15	0.782039816865918	8.36839623192502e-21	1	6
ENSG00000261609.5	0.782050695798945	8.35125387781626e-21	4	14
ENSG00000186575.17	0.782214082386826	8.09786874593787e-21	1	10
ENSG00000196118.11	0.782315731104673	7.94401665740671e-21	1	10
ENSG00000140280.13	0.782509189488314	7.65901634615945e-21	1	6
ENSG00000101493.10	0.782682000547289	7.41285689580577e-21	4	12
ENSG00000167889.12	0.782717943592094	7.36263298309312e-21	1	6
ENSG00000117016.9	0.782742246674859	7.32886142757262e-21	1	6
ENSG00000204396.10	0.782795837280056	7.25492321746889e-21	1	6
ENSG00000130520.10	0.782818727825544	7.22356293120379e-21	1	10
ENSG00000100320.22	0.782822373895665	7.21857995913509e-21	1	6
ENSG00000130204.12	0.782835394348857	7.2008125638478e-21	1	10
ENSG00000205593.11	0.782895560851951	7.11926140150508e-21	1	6
ENSG00000165914.14	0.782934577393657	7.06685806479028e-21	1	6
ENSG00000183255.11	0.782963951228128	7.02765351172384e-21	4	13
ENSG00000131187.9	0.783080955405151	6.87357867063859e-21	1	6
ENSG00000188976.10	0.7831107137151	6.83491881927935e-21	1	6
ENSG00000141698.16	0.783131589689986	6.80792449861561e-21	1	10
ENSG00000125944.18	0.783314711587819	6.57553289914683e-21	6	10
ENSG00000134030.13	0.783361744421322	6.51710166971809e-21	1	10
ENSG00000060709.14	0.783364865127832	6.51324256892744e-21	1	6
ENSG00000116044.15	0.783507040738543	6.3397632632542e-21	6	1
ENSG00000131013.3	0.783541349280152	6.29857838057859e-21	6	1
ENSG00000108309.13	0.783582233308272	6.24983968300546e-21	1	10
ENSG00000139631.18	0.783603700391734	6.22439532588139e-21	3	8
ENSG00000189067.12	0.78369339897332	6.11916319453425e-21	3	1
ENSG00000101977.19	0.783848133702935	5.94168364407517e-21	1	6
ENSG00000115808.11	0.783958274923269	5.81841186500064e-21	3	10
ENSG00000187713.6	0.784063364263656	5.70311412920807e-21	1	14
ENSG00000084764.10	0.784075531045147	5.68990980598567e-21	1	10
ENSG00000171714.10	0.784101689924171	5.66162075250472e-21	1	3
ENSG00000134352.19	0.78419812849348	5.55850541610053e-21	6	10
ENSG00000133243.8	0.784297266543357	5.45440751180957e-21	1	10
ENSG00000048140.17	0.784307895067328	5.44336038823419e-21	1	10
ENSG00000116852.14	0.784363676541417	5.38573769086618e-21	1	6
ENSG00000078053.16	0.784428389490652	5.31963157156291e-21	1	6
ENSG00000273301.1	0.784467060984533	5.28050480208976e-21	1	6
ENSG00000143847.15	0.784600898390562	5.14723958406374e-21	1	6
ENSG00000105737.9	0.784629741873339	5.11895067599708e-21	1	10
ENSG00000166922.8	0.784736378837396	5.0156705119052e-21	1	13
ENSG00000117519.15	0.784772632616274	4.98102160915364e-21	4	13
ENSG00000167315.17	0.784901900126481	4.85936043226579e-21	4	6
ENSG00000260903.2	0.784948511181468	4.81620471222129e-21	1	6
ENSG00000185753.12	0.784949159017226	4.81560753462981e-21	6	1
ENSG00000137770.13	0.784951104593497	4.81381452734268e-21	6	1
ENSG00000072832.14	0.784962710026167	4.80313264908193e-21	1	6
ENSG00000003249.13	0.784978243365474	4.78887150178955e-21	1	6
ENSG00000158715.5	0.78507285092565	4.70289712941501e-21	3	12
ENSG00000011021.21	0.78526905506409	4.52935346439602e-21	1	6
ENSG00000124702.17	0.785371905703917	4.44088529415098e-21	1	6
ENSG00000122140.10	0.785421118611401	4.39915072373423e-21	1	14
ENSG00000237172.3	0.785443149242682	4.38059163469134e-21	3	1
ENSG00000020129.15	0.785521210170228	4.31544210560556e-21	1	6
ENSG00000163704.11	0.785596052133508	4.25386419844442e-21	1	6
ENSG00000108091.10	0.785694581495802	4.17409821816641e-21	1	10
ENSG00000132359.14	0.78574146166539	4.13665805834123e-21	1	6
ENSG00000174749.5	0.785892119285181	4.01853494335139e-21	3	1
ENSG00000011677.12	0.785971453546353	3.9576577512813e-21	1	6
ENSG00000172466.15	0.785998570208498	3.93705611328982e-21	10	6
ENSG00000115468.11	0.785999408964679	3.93642054119074e-21	3	1
ENSG00000106789.12	0.786196922762943	3.78949815275459e-21	1	6
ENSG00000132639.12	0.786356039090176	3.67502864382759e-21	1	6
ENSG00000187735.13	0.78643214510149	3.62147291439546e-21	6	10
ENSG00000136451.8	0.786573778518864	3.52381851276066e-21	6	1
ENSG00000185567.6	0.786731638162142	3.41799267218443e-21	1	6
ENSG00000108352.11	0.786794727167498	3.37656903287411e-21	1	6
ENSG00000149179.13	0.786816875226392	3.36214291092649e-21	1	10
ENSG00000126214.21	0.78683208903157	3.35226814862831e-21	1	13
ENSG00000267890.1	0.786867841939632	3.32917302416688e-21	1	6
ENSG00000187097.12	0.786973620927659	3.26174576281008e-21	6	10
ENSG00000117174.10	0.787000369964874	3.24490644816657e-21	10	1
ENSG00000104852.14	0.787151924314308	3.15108279529028e-21	8	11
ENSG00000152910.18	0.78726269068876	3.0841838344947e-21	3	14
ENSG00000170802.15	0.787321982276174	3.04894337177458e-21	3	10
ENSG00000105605.7	0.787466854050749	2.96447653758087e-21	1	6
ENSG00000163285.7	0.787707705144718	2.82905963245163e-21	4	13
ENSG00000163995.19	0.787811864986333	2.77237733268395e-21	1	6
ENSG00000172548.14	0.787839527223872	2.75751047740519e-21	3	12
ENSG00000228486.10	0.787866117970025	2.74329257312077e-21	3	8
ENSG00000137261.13	0.787882584301205	2.73452389342166e-21	1	10
ENSG00000103056.11	0.787950622886001	2.69857992928315e-21	1	6
ENSG00000182168.14	0.788000679161509	2.67242954272034e-21	3	12
ENSG00000151136.14	0.788057710630634	2.64293541824465e-21	1	6
ENSG00000126733.20	0.788189417589201	2.5760267828167e-21	1	6
ENSG00000163946.13	0.788237450588144	2.55203771286817e-21	3	10
ENSG00000055118.14	0.788371658517147	2.4861559808208e-21	1	6
ENSG00000170500.12	0.788374008863753	2.48501707609501e-21	1	6
ENSG00000160716.5	0.788407300123902	2.4689395487088e-21	1	6
ENSG00000104093.13	0.788422068184189	2.46183995701165e-21	1	6
ENSG00000164902.13	0.788528252432323	2.41137424587431e-21	5	11
ENSG00000118292.8	0.788528848795108	2.41109367582742e-21	4	12
ENSG00000213585.10	0.788658118374096	2.35101966153363e-21	1	3
ENSG00000023697.12	0.788672615708369	2.34437394197304e-21	6	1
ENSG00000159069.13	0.788690763298384	2.33608064992948e-21	1	10
ENSG00000144959.9	0.788786398294102	2.29284536746903e-21	1	14
ENSG00000141404.15	0.788850976759973	2.26409146935091e-21	1	6
ENSG00000086504.15	0.78888114415405	2.25077972960267e-21	1	10
ENSG00000137267.5	0.788938385721497	2.22573005965225e-21	1	10
ENSG00000144619.14	0.789020506675897	2.1902656811724e-21	1	6
ENSG00000108395.13	0.789105303863039	2.15422233435501e-21	1	6
ENSG00000260257.2	0.789211457774062	2.10991346302837e-21	1	6
ENSG00000063015.19	0.789240887318348	2.09778723457595e-21	1	6
ENSG00000130340.15	0.789334699425525	2.05958323806008e-21	3	1
ENSG00000105290.11	0.789397343171767	2.03444985667361e-21	3	12
ENSG00000128245.14	0.789461047821747	2.00919676539088e-21	1	6
ENSG00000261678.2	0.789515892792383	1.98770011211717e-21	1	6
ENSG00000167619.11	0.789533013036286	1.98103570273644e-21	1	6
ENSG00000135454.13	0.789610791803245	1.9510312905405e-21	1	10
ENSG00000204852.15	0.789658410496116	1.93288019764477e-21	4	13
ENSG00000131023.12	0.789874149597259	1.85268220435878e-21	6	1
ENSG00000213760.10	0.789890500258891	1.84673776210616e-21	1	6
ENSG00000241685.9	0.789913195850229	1.8385172882641e-21	1	6
ENSG00000116473.14	0.789980808344124	1.81423799368335e-21	10	1
ENSG00000224940.8	0.790006844261349	1.8049720212679e-21	1	6
ENSG00000133612.18	0.79001829430867	1.80091162637719e-21	1	13
ENSG00000175352.10	0.790030177975954	1.79670685525832e-21	1	6
ENSG00000035141.7	0.790048733053234	1.7901606372173e-21	1	6
ENSG00000162073.13	0.790134753537588	1.76011443011464e-21	3	12
ENSG00000104412.7	0.790263482970541	1.71606440938648e-21	10	1
ENSG00000110955.8	0.790440511627552	1.6572336539783e-21	1	14
ENSG00000167641.10	0.790476719827906	1.64544475489195e-21	3	14
ENSG00000108861.8	0.790606591867343	1.60382725450877e-21	1	6
ENSG00000153823.18	0.790639909328498	1.59331675605072e-21	1	3
ENSG00000114631.10	0.790777092142419	1.55074162055953e-21	1	6
ENSG00000104907.12	0.79078630199239	1.54792328720518e-21	8	11
ENSG00000185386.14	0.790803489530203	1.5426769933847e-21	1	10
ENSG00000083290.19	0.790980083181016	1.48976558781153e-21	3	10
ENSG00000167671.11	0.791039346013315	1.47240786964678e-21	1	10
ENSG00000103266.10	0.791149102312346	1.4407788685888e-21	1	6
ENSG00000174996.11	0.79119740928551	1.42706833316606e-21	1	13
ENSG00000139726.10	0.791218332244289	1.42116941209441e-21	1	3
ENSG00000110315.6	0.791244081726777	1.41394226522687e-21	10	1
ENSG00000176485.11	0.791302090064341	1.39779168143698e-21	3	10
ENSG00000008382.15	0.791326915015833	1.39093490551035e-21	1	6
ENSG00000050748.17	0.791336606313445	1.38826700715565e-21	1	6
ENSG00000167778.8	0.791337929796515	1.38790305450445e-21	1	6
ENSG00000224051.6	0.791365172509013	1.38043199446348e-21	1	10
ENSG00000143324.13	0.791366412120603	1.38009297444825e-21	1	3
ENSG00000167971.15	0.79139841672775	1.37136804667395e-21	1	6
ENSG00000021645.18	0.791427217128089	1.3635625032638e-21	1	6
ENSG00000186111.9	0.791462959309745	1.35393564676897e-21	1	6
ENSG00000031691.6	0.791534261306452	1.33492809595476e-21	6	1
ENSG00000028839.9	0.791564080398451	1.32705616198654e-21	1	6
ENSG00000087152.15	0.791609876788335	1.31505421499436e-21	1	13
ENSG00000162704.15	0.79177345461858	1.27304085496559e-21	3	10
ENSG00000088367.21	0.792037204518659	1.20803373476799e-21	1	6
ENSG00000187147.17	0.792071789803936	1.199752594319e-21	8	12
ENSG00000103855.17	0.792097900612064	1.1935371910791e-21	1	3
ENSG00000120963.11	0.792127067643381	1.18663130997522e-21	6	1
ENSG00000147642.16	0.792132010605498	1.18546482148043e-21	1	14
ENSG00000178385.14	0.792157858399546	1.17938314544769e-21	1	13
ENSG00000156097.12	0.792424071135095	1.11848595056308e-21	1	6
ENSG00000127445.13	0.79252119634609	1.0970386747421e-21	1	10
ENSG00000094975.13	0.792606625328738	1.07850519137669e-21	3	6
ENSG00000010256.10	0.792625194750241	1.07451710343526e-21	1	14
ENSG00000135324.5	0.79278227745447	1.04134990847479e-21	1	6
ENSG00000107105.14	0.792786319894995	1.04050964671251e-21	1	6
ENSG00000204175.5	0.792856598175381	1.02600654302672e-21	1	6
ENSG00000138434.16	0.792913517300753	1.01440459271374e-21	6	1
ENSG00000076770.14	0.792927862702188	1.01150072850927e-21	10	1
ENSG00000066468.22	0.793051029686401	9.8689911909118e-22	3	12
ENSG00000058091.16	0.793069583673967	9.83243909058153e-22	1	3
ENSG00000108840.15	0.793107692979553	9.7577746977718e-22	1	6
ENSG00000066027.11	0.79312731505066	9.71954614759286e-22	4	13
ENSG00000107902.13	0.793168025199512	9.6406969236766e-22	3	10
ENSG00000168993.14	0.793186254063021	9.60559242297621e-22	1	6
ENSG00000144406.18	0.793206259327713	9.56721006601868e-22	1	6
ENSG00000107242.17	0.793301863347966	9.38583306975435e-22	1	6
ENSG00000053108.16	0.793364973337856	9.2679398275599e-22	1	6
ENSG00000155366.16	0.793383599243299	9.23342162997446e-22	4	13
ENSG00000171951.4	0.793405435692551	9.19311273781132e-22	1	6
ENSG00000144152.12	0.793436940690732	9.13525766083811e-22	1	6
ENSG00000225746.9	0.793739772213498	8.59690289280553e-22	1	6
ENSG00000003096.14	0.793856544204097	8.39766584109564e-22	1	6
ENSG00000119242.8	0.794007734682528	8.14636479130801e-22	1	6
ENSG00000148408.12	0.794019695817133	8.12679881777008e-22	1	6
ENSG00000178718.6	0.794048722666176	8.07950666527573e-22	1	13
ENSG00000171004.18	0.794056507858747	8.06686818669337e-22	1	6
ENSG00000188554.13	0.794094194673804	8.00595874793232e-22	6	10
ENSG00000178233.17	0.794096417015431	8.00238099873689e-22	1	10
ENSG00000260428.2	0.79409699613633	8.0014489270696e-22	1	6
ENSG00000147416.10	0.794133628005817	7.94270549180376e-22	1	6
ENSG00000146247.13	0.794320725859644	7.64915399192549e-22	6	1
ENSG00000143147.14	0.794354368359892	7.59750108882992e-22	1	10
ENSG00000220205.8	0.794495736012696	7.38413595023894e-22	1	6
ENSG00000107864.14	0.79453931679671	7.31954321277825e-22	1	6
ENSG00000105726.16	0.794560850313774	7.2878307466224e-22	8	11
ENSG00000176490.4	0.794564610932635	7.28230619700793e-22	1	6
ENSG00000177181.14	0.794811174180558	6.92884431840284e-22	1	6
ENSG00000197586.12	0.794856883415027	6.8651768745348e-22	1	10
ENSG00000198825.12	0.794859547600535	6.86148358684616e-22	1	6
ENSG00000111790.13	0.794940715570926	6.74988433177789e-22	3	10
ENSG00000132879.13	0.794961195275162	6.72200653928503e-22	1	10
ENSG00000242265.5	0.79498989021848	6.68313413325306e-22	1	6
ENSG00000171813.13	0.795246712349878	6.34481980670218e-22	1	10
ENSG00000147874.10	0.795411427844786	6.13666936528038e-22	10	6
ENSG00000105323.16	0.795469836973631	6.06446534980538e-22	6	1
ENSG00000198133.8	0.795638991098694	5.85999123576383e-22	1	13
ENSG00000069966.18	0.795651202389408	5.8454925362483e-22	1	14
ENSG00000198354.6	0.795686464766576	5.80382041327813e-22	1	6
ENSG00000103160.11	0.79573590414134	5.74588050603807e-22	1	6
ENSG00000131368.7	0.795773741881294	5.7019174360089e-22	1	6
ENSG00000111790.13	0.795839666699282	5.62610078719175e-22	3	1
ENSG00000197177.15	0.795864805976849	5.59744844440604e-22	1	6
ENSG00000079819.18	0.795960721436823	5.4894274317674e-22	10	1
ENSG00000204370.9	0.795963049499305	5.48683091145168e-22	4	13
ENSG00000071553.16	0.7961839507961	5.24581568487128e-22	1	13
ENSG00000124140.13	0.796224500079049	5.20270709090499e-22	1	6
ENSG00000023608.4	0.7962251118068	5.20205939893075e-22	4	6
ENSG00000282033.1	0.796352487558673	5.06888960744024e-22	1	6
ENSG00000197102.10	0.796382306855295	5.03819622164722e-22	1	13
ENSG00000116747.12	0.796445007029372	4.97424665876345e-22	6	1
ENSG00000183785.14	0.796519659637279	4.89913568106463e-22	1	6
ENSG00000167815.11	0.796535940473961	4.88290201767198e-22	1	10
ENSG00000138944.7	0.796596226213325	4.82324527284826e-22	1	6
ENSG00000099960.12	0.796701137200716	4.72111493706118e-22	1	6
ENSG00000254656.1	0.796735887912963	4.68775141866308e-22	1	6
ENSG00000103353.15	0.796850062605682	4.57974104029758e-22	1	3
ENSG00000166073.10	0.796939519073072	4.49680939376105e-22	1	6
ENSG00000101152.10	0.796948283465254	4.48876327755028e-22	1	10
ENSG00000101019.21	0.797046991232728	4.39910643550947e-22	1	6
ENSG00000087460.24	0.797093633513768	4.35734934146617e-22	1	6
ENSG00000166257.8	0.797105166947734	4.34708349196956e-22	1	6
ENSG00000135924.15	0.797202046563941	4.26177519195802e-22	3	8
ENSG00000088448.14	0.797332850223851	4.14917404925167e-22	3	8
ENSG00000196814.14	0.797340669204557	4.14253560594101e-22	3	12
ENSG00000154640.14	0.797410213294754	4.08394432491372e-22	6	1
ENSG00000185825.15	0.797463788931589	4.03935702774524e-22	1	10
ENSG00000108510.9	0.797548488510221	3.96983179191233e-22	6	1
ENSG00000183317.16	0.797585443191836	3.9398637350776e-22	1	6
ENSG00000154358.20	0.797648791598367	3.88900309234073e-22	1	6
ENSG00000070182.19	0.797729881059354	3.82482990739032e-22	1	6
ENSG00000082458.11	0.797940815056158	3.66268599238741e-22	1	6
ENSG00000111666.10	0.798027059395014	3.59833389060679e-22	4	12
ENSG00000160410.14	0.798027172959474	3.59824988275966e-22	3	14
ENSG00000125944.18	0.798095230059635	3.54824716357406e-22	6	1
ENSG00000163848.19	0.79836369486025	3.35751129332042e-22	6	5
ENSG00000169758.12	0.798508891093713	3.25854875540825e-22	1	6
ENSG00000067840.12	0.798613239950384	3.1891852634642e-22	1	6
ENSG00000162572.20	0.798681479157537	3.14460383716886e-22	8	11
ENSG00000254901.7	0.7987090648642	3.12675437608234e-22	1	6
ENSG00000262814.7	0.798807896334965	3.06361047600556e-22	1	10
ENSG00000185274.11	0.798900810277804	3.00537961583008e-22	1	6
ENSG00000183726.10	0.798986357982707	2.9527182630641e-22	6	1
ENSG00000157219.3	0.799025240823123	2.92908056103292e-22	1	6
ENSG00000167100.14	0.799064068887179	2.90565988558943e-22	1	6
ENSG00000116544.11	0.799097329016332	2.88574267082564e-22	1	6
ENSG00000110076.18	0.799156792903104	2.85046428646655e-22	1	6
ENSG00000134709.10	0.799198525149678	2.82595653215049e-22	1	6
ENSG00000154727.10	0.799288739672787	2.77367543783176e-22	6	1
ENSG00000167378.8	0.799349209062131	2.73916020926355e-22	1	6
ENSG00000183654.8	0.799448568622406	2.68335221616453e-22	1	6
ENSG00000118160.13	0.799476514208334	2.66785615509396e-22	1	6
ENSG00000186288.5	0.799572311232565	2.61539377704255e-22	1	13
ENSG00000135272.10	0.799646560456525	2.575423555005e-22	4	13
ENSG00000139438.5	0.799799292294306	2.49506377879387e-22	3	12
ENSG00000158109.14	0.799800158464488	2.49461507472392e-22	1	10
ENSG00000156515.21	0.799823234913067	2.48268959309555e-22	1	10
ENSG00000060749.14	0.799967922638873	2.40917178063308e-22	6	1
ENSG00000114948.12	0.80008521771685	2.3511309131599e-22	1	6
ENSG00000073150.13	0.800147583119181	2.3208270305421e-22	1	6
ENSG00000119688.20	0.800222478021651	2.28493686207974e-22	3	8
ENSG00000176884.14	0.800248340196505	2.27266939293645e-22	1	6
ENSG00000197119.12	0.800272885229594	2.26108597053434e-22	3	8
ENSG00000221866.9	0.800383658442108	2.20951986017745e-22	1	6
ENSG00000160991.15	0.800583460460888	2.1193876669721e-22	1	3
ENSG00000128016.5	0.800589045380695	2.11692036862707e-22	2	7
ENSG00000120699.12	0.800699629934055	2.06863796641771e-22	6	1
ENSG00000169851.15	0.800713820079409	2.06252049036309e-22	1	14
ENSG00000169302.14	0.800743325351756	2.04985683960473e-22	4	12
ENSG00000143590.13	0.800881754091981	1.9914461890966e-22	1	13
ENSG00000036549.12	0.800907897510115	1.98059811206102e-22	6	10
ENSG00000165512.4	0.800945835320618	1.96495818914589e-22	6	1
ENSG00000157107.13	0.800957775900198	1.96006057259143e-22	6	1
ENSG00000007402.11	0.801004209531465	1.94112772305293e-22	1	6
ENSG00000170027.6	0.801026941188516	1.93192410257869e-22	1	6
ENSG00000115419.12	0.801172612013426	1.87394445085633e-22	1	6
ENSG00000100294.12	0.801174380328873	1.87325113549491e-22	1	10
ENSG00000159082.17	0.801244595789459	1.84592206259819e-22	1	6
ENSG00000198794.11	0.8012468537789	1.84504968274205e-22	1	6
ENSG00000067836.12	0.801606061785732	1.71125779373759e-22	3	12
ENSG00000108061.11	0.801629286656924	1.70294009628848e-22	1	3
ENSG00000099256.18	0.801648139774835	1.69621702284852e-22	6	1
ENSG00000127561.14	0.801688790408462	1.68180864108784e-22	1	6
ENSG00000106683.14	0.801693288979891	1.68022148515292e-22	1	6
ENSG00000278041.1	0.801763853192206	1.65551536267028e-22	3	8
ENSG00000213064.9	0.801850911118108	1.62552107716334e-22	6	1
ENSG00000105270.14	0.801881899376123	1.6149727364771e-22	1	6
ENSG00000274925.1	0.801964877733915	1.5870539096377e-22	3	8
ENSG00000014123.9	0.801967143654876	1.58629814437385e-22	6	1
ENSG00000125354.22	0.801978147685511	1.58263288479325e-22	1	6
ENSG00000163995.19	0.802004949622834	1.5737400440454e-22	1	13
ENSG00000108773.10	0.802221203248266	1.50374414619314e-22	8	11
ENSG00000038210.12	0.80223538122261	1.49926243437825e-22	6	1
ENSG00000156515.21	0.80228592009923	1.48339237735498e-22	1	3
ENSG00000125966.9	0.802323771836131	1.47161345792287e-22	1	6
ENSG00000142168.14	0.802337585256654	1.46733762285626e-22	1	10
ENSG00000136546.13	0.802390429490719	1.45109139325053e-22	1	6
ENSG00000186806.5	0.802526880668297	1.40994648245897e-22	1	6
ENSG00000147642.16	0.8027144276056	1.35524169472066e-22	1	3
ENSG00000072071.16	0.80276793187317	1.34001761536665e-22	1	13
ENSG00000042753.11	0.803010558993036	1.27304326990881e-22	1	6
ENSG00000116299.16	0.803042493605244	1.26447436862815e-22	1	6
ENSG00000155966.13	0.803093427503813	1.25092345566911e-22	1	6
ENSG00000156515.21	0.803140331694513	1.23856967470083e-22	1	14
ENSG00000121691.4	0.803187248332612	1.22633139305367e-22	6	1
ENSG00000167549.18	0.803406131157234	1.17077303139746e-22	1	6
ENSG00000100353.17	0.803455601479704	1.15855967361139e-22	6	1
ENSG00000133703.11	0.803764415393226	1.08507396113789e-22	1	3
ENSG00000130294.15	0.803848242741154	1.0659220093011e-22	1	13
ENSG00000132846.5	0.80396006267935	1.04088588149252e-22	3	10
ENSG00000110756.17	0.803960389183436	1.04081362279958e-22	6	1
ENSG00000073350.13	0.803967685037016	1.03920024820044e-22	3	14
ENSG00000110171.19	0.803970146015477	1.03865658671133e-22	1	13
ENSG00000101850.12	0.804030055391605	1.02550688026086e-22	1	14
ENSG00000169085.11	0.8040486420066	1.02146026692254e-22	3	1
ENSG00000137710.14	0.804314175106627	9.65318162409341e-23	6	10
ENSG00000196743.8	0.804367036408172	9.5450559288659e-23	10	1
ENSG00000159346.12	0.804370574914123	9.53786028771734e-23	6	1
ENSG00000127585.11	0.804606683124208	9.06946967464341e-23	1	6
ENSG00000166402.8	0.804624148406216	9.03572536676714e-23	1	3
ENSG00000175970.10	0.804644155519415	8.99722014850626e-23	4	12
ENSG00000270885.1	0.804945268746857	8.43663060016758e-23	1	10
ENSG00000118402.5	0.805131162306957	8.10767454445119e-23	1	6
ENSG00000167619.11	0.805174087304969	8.03350733383784e-23	1	13
ENSG00000130477.15	0.805225903344778	7.94485699242574e-23	1	6
ENSG00000159131.16	0.80534886289957	7.73828188604916e-23	4	6
ENSG00000067842.17	0.805454005862071	7.56579213775798e-23	1	6
ENSG00000136002.18	0.805468651772112	7.54206399187633e-23	1	6
ENSG00000185818.7	0.805473467352766	7.53427799859152e-23	1	14
ENSG00000267034.1	0.805590441046055	7.34753522247906e-23	1	6
ENSG00000087077.13	0.805647089064215	7.25872574310884e-23	4	13
ENSG00000213390.10	0.805733956595765	7.12456526051019e-23	6	1
ENSG00000123636.17	0.805795872211042	7.0304171043956e-23	6	1
ENSG00000143502.14	0.80597370383925	6.76669003085401e-23	1	6
ENSG00000067715.13	0.806064513960169	6.6357557217826e-23	1	6
ENSG00000139350.11	0.806352982855525	6.23597360937752e-23	6	1
ENSG00000137221.14	0.806407778701881	6.16272844267975e-23	3	8
ENSG00000148180.19	0.806424330178069	6.14076931522233e-23	3	1
ENSG00000163820.14	0.806443061937605	6.11600940410797e-23	6	1
ENSG00000157978.11	0.80654033385473	5.98898784078322e-23	3	12
ENSG00000213424.8	0.806541443210796	5.98755410918882e-23	1	6
ENSG00000127946.16	0.806649524561137	5.84945954043211e-23	3	10
ENSG00000110274.15	0.806684519723039	5.80541443246748e-23	3	8
ENSG00000116254.17	0.806689559783102	5.79909762988277e-23	1	6
ENSG00000099365.10	0.806793582622014	5.67020735966312e-23	1	13
ENSG00000183401.11	0.806879134986448	5.56629597646992e-23	3	8
ENSG00000162374.16	0.806886524425708	5.55740825019082e-23	1	6
ENSG00000063176.15	0.806903295440831	5.5372879388175e-23	1	10
ENSG00000182870.12	0.806966541317226	5.46204712001596e-23	1	6
ENSG00000184368.15	0.806995749516449	5.42763612700823e-23	1	6
ENSG00000149926.13	0.807051110250205	5.36299200819657e-23	1	6
ENSG00000128645.14	0.807156353808847	5.24215983324656e-23	3	12
ENSG00000101977.19	0.807162898573742	5.2347337976263e-23	1	13
ENSG00000071967.11	0.807205127945751	5.18706364816303e-23	4	6
ENSG00000023171.16	0.807264474423854	5.12078434507032e-23	1	14
ENSG00000162873.14	0.807393355441455	4.9796732268943e-23	1	6
ENSG00000029534.19	0.807621543080861	4.73905687884809e-23	1	6
ENSG00000119698.11	0.807641200392782	4.71886643309599e-23	1	3
ENSG00000153558.13	0.807708133156763	4.65074414854588e-23	1	6
ENSG00000084636.17	0.807738813193717	4.61983964134247e-23	3	8
ENSG00000126934.13	0.807857803622504	4.50185811035464e-23	1	6
ENSG00000112531.16	0.807928025469316	4.43361290567635e-23	10	1
ENSG00000004777.18	0.808178713643191	4.19809622488889e-23	3	8
ENSG00000079337.15	0.808321494172731	4.06944626227051e-23	3	8
ENSG00000006432.15	0.808329776778135	4.06210227928192e-23	1	6
ENSG00000196586.13	0.808357474513136	4.03763693521759e-23	10	1
ENSG00000161082.12	0.808577735102553	3.84811927423396e-23	1	6
ENSG00000013725.14	0.808644503970484	3.79239966726333e-23	1	6
ENSG00000181215.14	0.808738982254102	3.71489559695335e-23	1	6
ENSG00000138796.16	0.808752239248424	3.70414446202874e-23	4	13
ENSG00000178761.14	0.808802403691467	3.66373557276515e-23	1	3
ENSG00000185989.10	0.808828297557256	3.64304552083629e-23	10	1
ENSG00000105220.14	0.808842254428417	3.63194072687754e-23	1	10
ENSG00000102385.12	0.808849965264971	3.62581972845505e-23	1	6
ENSG00000178234.12	0.808855216817162	3.62165670140435e-23	1	3
ENSG00000110514.19	0.808879989823721	3.60208120733709e-23	1	6
ENSG00000099331.13	0.808955440223101	3.54309295787948e-23	3	8
ENSG00000175264.7	0.80900716367269	3.50319902677881e-23	1	10
ENSG00000154277.12	0.809465098369677	3.1685472637837e-23	1	6
ENSG00000135472.8	0.809469609780431	3.16541041675425e-23	1	13
ENSG00000167700.8	0.809550488504607	3.10968436281127e-23	1	6
ENSG00000174521.7	0.809641402471459	3.04818345048986e-23	1	6
ENSG00000215193.12	0.809689634435255	3.0160380287499e-23	1	3
ENSG00000186577.12	0.80972508633097	2.99262081667939e-23	1	6
ENSG00000135439.11	0.809795092457055	2.94689787101904e-23	1	6
ENSG00000104059.4	0.809837211011964	2.91971739138684e-23	1	6
ENSG00000162706.12	0.810043889903489	2.78983759717709e-23	1	10
ENSG00000155858.5	0.810187236950709	2.70307698805066e-23	1	6
ENSG00000123570.3	0.810318300219989	2.62605292457077e-23	1	6
ENSG00000155097.11	0.810339241476179	2.6139456138185e-23	1	3
ENSG00000070371.15	0.810364943080254	2.59916031528555e-23	1	10
ENSG00000138622.3	0.810401588903006	2.5782198297618e-23	1	6
ENSG00000128268.11	0.810451498360416	2.54996401430488e-23	1	13
ENSG00000130881.13	0.810454244906748	2.54841786029038e-23	1	10
ENSG00000107186.16	0.810640413760314	2.44571506713301e-23	3	10
ENSG00000204052.4	0.810664509092134	2.43272057795581e-23	1	10
ENSG00000072415.8	0.810700716313756	2.41332046339578e-23	3	10
ENSG00000065000.15	0.810811651050875	2.35481345600142e-23	1	10
ENSG00000131779.10	0.810871415505378	2.32386823926579e-23	1	6
ENSG00000135454.13	0.810937011153853	2.29035925798203e-23	1	6
ENSG00000111052.7	0.810959083955884	2.27918965663944e-23	1	3
ENSG00000119778.14	0.810978002011603	2.26965866993746e-23	10	1
ENSG00000084764.10	0.811151017140015	2.18427351832106e-23	1	6
ENSG00000183087.14	0.811151425748239	2.18407561373942e-23	1	6
ENSG00000103723.12	0.811195258513803	2.16294676763205e-23	1	6
ENSG00000085719.12	0.811251365481764	2.13619146083596e-23	4	13
ENSG00000104904.12	0.811260184384428	2.13201545642286e-23	1	6
ENSG00000215218.3	0.811290581880929	2.11768216725479e-23	1	6
ENSG00000255693.1	0.811439029436474	2.04902137843804e-23	1	6
ENSG00000183114.7	0.811534949828469	2.0058132408995e-23	1	6
ENSG00000166897.14	0.811607219674221	1.97384573476309e-23	1	6
ENSG00000086300.15	0.811753350853012	1.91071456441618e-23	1	6
ENSG00000136451.8	0.811757195676856	1.90908035528461e-23	6	10
ENSG00000188730.4	0.811906019135812	1.84685908887538e-23	1	6
ENSG00000160113.5	0.811933411408368	1.83562380677133e-23	1	10
ENSG00000179091.4	0.81195676503133	1.82609758323763e-23	1	14
ENSG00000126432.13	0.812028147458405	1.79727717046663e-23	1	6
ENSG00000184702.17	0.812088028960396	1.77344208876493e-23	1	6
ENSG00000169255.13	0.812154347286033	1.74740389969049e-23	1	14
ENSG00000135604.9	0.812282064438692	1.69830320354244e-23	2	7
ENSG00000135709.12	0.812530522184992	1.60660156575651e-23	1	6
ENSG00000197724.10	0.812688586313831	1.5507904092886e-23	3	1
ENSG00000167114.12	0.812738036670669	1.53372073821425e-23	1	13
ENSG00000008735.13	0.812835264042309	1.50069061718536e-23	1	6
ENSG00000152969.17	0.812891596278058	1.48187127216297e-23	1	6
ENSG00000139637.13	0.813071354874019	1.42334113986362e-23	1	6
ENSG00000214548.14	0.813225622749981	1.37491007887843e-23	1	6
ENSG00000171703.16	0.813255145314071	1.3658263519785e-23	1	6
ENSG00000277586.2	0.813331919276417	1.34247655388078e-23	1	6
ENSG00000104964.14	0.813414413136467	1.31782017045789e-23	1	6
ENSG00000135956.8	0.813624133938305	1.25710509870362e-23	1	14
ENSG00000088451.10	0.813717422104614	1.2309809647502e-23	6	1
ENSG00000145194.17	0.813782383898321	1.21310215623474e-23	1	6
ENSG00000270885.1	0.813802666334437	1.20757197633855e-23	1	6
ENSG00000153187.18	0.813839649268748	1.19755135823194e-23	6	1
ENSG00000135525.18	0.813972872811427	1.16212059675826e-23	3	14
ENSG00000109339.19	0.813982991471661	1.15947163032601e-23	1	3
ENSG00000050030.13	0.813994549218822	1.15645311497732e-23	1	6
ENSG00000028116.16	0.814040720997271	1.14447064579684e-23	3	10
ENSG00000165410.14	0.814103099091678	1.12847406936859e-23	3	10
ENSG00000148180.19	0.814200100630378	1.10402991294873e-23	3	6
ENSG00000164061.4	0.8142033325019	1.10322442505281e-23	1	6
ENSG00000103089.8	0.814310333099504	1.07687698153085e-23	3	12
ENSG00000168653.10	0.814381466250363	1.05970140763801e-23	1	6
ENSG00000130962.17	0.814548395471548	1.02043564451022e-23	3	10
ENSG00000078018.19	0.814572573608097	1.01486709260066e-23	1	6
ENSG00000139767.8	0.814618226780199	1.00443308964005e-23	1	6
ENSG00000122824.10	0.814758268180977	9.73073934203073e-24	1	6
ENSG00000197442.9	0.814945243329447	9.32686873257018e-24	4	12
ENSG00000163032.11	0.814991994425903	9.22846353807225e-24	1	6
ENSG00000174453.9	0.815091565916522	9.02223460150215e-24	1	6
ENSG00000107872.12	0.815107317751326	8.99002362966526e-24	1	10
ENSG00000178385.14	0.815435270762367	8.3442607742764e-24	1	6
ENSG00000104957.13	0.815544463172044	8.13944840589159e-24	3	8
ENSG00000133169.5	0.815565665800229	8.10024990361043e-24	1	6
ENSG00000183741.11	0.815572875021474	8.08696371540189e-24	1	6
ENSG00000175764.14	0.815730453384786	7.80179823385759e-24	3	10
ENSG00000091622.15	0.815826003956877	7.63367555122359e-24	1	6
ENSG00000119280.16	0.815831955044746	7.62332200094452e-24	6	1
ENSG00000012124.16	0.815914838296152	7.48053695035766e-24	3	8
ENSG00000172350.9	0.815917027831865	7.47680049845285e-24	1	6
ENSG00000167881.14	0.815917390594807	7.47618161741935e-24	1	14
ENSG00000106078.17	0.816236671859185	6.95038006553682e-24	3	14
ENSG00000253230.8	0.816432271082713	6.64623353121788e-24	1	6
ENSG00000184524.5	0.816496540960668	6.54915515440439e-24	1	6
ENSG00000158286.12	0.816588340278702	6.41288406409033e-24	1	6
ENSG00000273036.2	0.816596594728524	6.40076692480998e-24	8	12
ENSG00000048540.14	0.816682617710292	6.27580829869409e-24	1	3
ENSG00000104375.15	0.816684900741356	6.27252448506548e-24	6	1
ENSG00000162729.13	0.816745577204915	6.18586044091117e-24	3	12
ENSG00000185774.14	0.816763966886357	6.15982545538201e-24	1	6
ENSG00000067560.10	0.816822643053907	6.07746645975786e-24	6	1
ENSG00000139970.16	0.816855349477741	6.03202540253521e-24	1	6
ENSG00000125510.15	0.817113795860944	5.68439713067065e-24	1	6
ENSG00000128242.12	0.817120767372024	5.67529543932578e-24	3	12
ENSG00000150433.9	0.817331068512359	5.40730732679067e-24	6	13
ENSG00000160460.15	0.817443525998935	5.26909901893332e-24	1	6
ENSG00000214376.5	0.817661998918104	5.01036084439893e-24	1	6
ENSG00000142186.16	0.81770180120486	4.96457381592111e-24	1	6
ENSG00000277363.4	0.817839403607399	4.80939805936647e-24	3	12
ENSG00000102225.15	0.817902585806431	4.7397383926412e-24	1	6
ENSG00000033627.16	0.817978531741899	4.65730560011692e-24	1	6
ENSG00000148356.13	0.818017345329063	4.61571738522026e-24	1	6
ENSG00000106089.11	0.818055307368312	4.57539140598721e-24	1	6
ENSG00000087116.14	0.818280591854869	4.34304154000712e-24	1	6
ENSG00000182389.19	0.818313917211464	4.3096612702836e-24	1	6
ENSG00000033100.16	0.818387401838514	4.23693571802049e-24	1	10
ENSG00000178171.10	0.8184638007882	4.16259296872225e-24	1	6
ENSG00000135002.11	0.818641797434915	3.99427872421229e-24	1	6
ENSG00000198055.10	0.818906637859846	3.7560437049686e-24	1	6
ENSG00000271576.1	0.819020055401155	3.65830380794891e-24	3	8
ENSG00000182013.17	0.819118729119817	3.57528740379346e-24	1	6
ENSG00000179832.17	0.819272685200366	3.44941119159104e-24	1	6
ENSG00000197892.12	0.819283469047136	3.44075773737949e-24	3	10
ENSG00000079841.18	0.81939347963623	3.35367900112029e-24	1	6
ENSG00000141380.13	0.819406238619785	3.34371957503556e-24	3	6
ENSG00000174672.15	0.81940730314151	3.34288993171688e-24	1	13
ENSG00000125503.12	0.819574603109348	3.21496384861832e-24	1	6
ENSG00000100095.18	0.81957838391475	3.21212864139883e-24	1	6
ENSG00000112531.16	0.819613663230957	3.18578991577335e-24	10	6
ENSG00000100167.19	0.819649157389776	3.15950301698119e-24	1	6
ENSG00000144647.5	0.819866049690298	3.00340096294872e-24	1	14
ENSG00000115935.17	0.819876312665507	2.99620361330741e-24	3	10
ENSG00000235711.4	0.820011968843981	2.90263237214722e-24	1	6
ENSG00000163166.14	0.820030158014265	2.89030442851465e-24	3	10
ENSG00000165804.15	0.820147309367384	2.81211628599672e-24	1	10
ENSG00000105464.3	0.820147636118278	2.81190111539843e-24	1	6
ENSG00000177030.16	0.820180447439088	2.79037576657408e-24	1	6
ENSG00000183580.9	0.820286856214202	2.72166595291175e-24	6	1
ENSG00000119950.20	0.820745048898741	2.44415456436122e-24	6	1
ENSG00000158711.13	0.820762978968302	2.43387490058382e-24	6	10
ENSG00000136699.19	0.820775000367697	2.42700637837166e-24	8	11
ENSG00000104904.12	0.820828821829995	2.39648573782053e-24	1	10
ENSG00000172020.12	0.82092353800694	2.34367983161899e-24	1	6
ENSG00000136280.15	0.820947916161708	2.33027295897526e-24	1	6
ENSG00000108091.10	0.820979954652571	2.31276675131663e-24	1	3
ENSG00000125445.10	0.821049660707824	2.27511974121628e-24	1	14
ENSG00000158856.17	0.821063933637792	2.26748510823583e-24	1	6
ENSG00000120948.16	0.82107779175759	2.26009622741574e-24	10	1
ENSG00000170266.15	0.821191753947978	2.20021631474072e-24	1	14
ENSG00000105255.10	0.821249444038507	2.1704955592003e-24	1	13
ENSG00000155324.9	0.821372194434366	2.10855191025968e-24	4	13
ENSG00000189159.15	0.821392559191934	2.0984430759985e-24	1	6
ENSG00000127054.20	0.821400611143159	2.09445920871247e-24	8	11
ENSG00000186862.17	0.821478940809684	2.05608626807791e-24	1	6
ENSG00000273032.1	0.821673991264511	1.96348312158407e-24	1	6
ENSG00000026652.13	0.821727298005288	1.93888977676473e-24	3	12
ENSG00000137714.2	0.821996089225607	1.81937939538949e-24	1	3
ENSG00000092096.16	0.822106424942476	1.77242594202756e-24	1	6
ENSG00000084731.14	0.822292414353901	1.6959353802523e-24	1	6
ENSG00000174456.13	0.822358664307388	1.66947337036826e-24	3	12
ENSG00000177679.15	0.822381367391758	1.66049797501973e-24	1	6
ENSG00000105058.11	0.822446571318225	1.63498081233334e-24	1	3
ENSG00000107872.12	0.822577711538672	1.58481078363262e-24	1	6
ENSG00000169379.15	0.822809410182888	1.49980961178462e-24	6	1
ENSG00000132563.15	0.822810587810255	1.49938913707937e-24	1	6
ENSG00000046653.14	0.822899307020425	1.46803960683721e-24	6	1
ENSG00000155252.13	0.823297987665421	1.33486533344409e-24	1	14
ENSG00000180834.7	0.82333849362717	1.32201245669714e-24	3	12
ENSG00000113732.8	0.823935940693404	1.14586760737048e-24	4	13
ENSG00000147274.14	0.823974531283151	1.13531174891351e-24	10	1
ENSG00000160014.16	0.82400931663129	1.12587793787747e-24	1	6
ENSG00000198934.4	0.824085127725465	1.10558159849004e-24	1	6
ENSG00000105953.14	0.824135431492351	1.09231124370266e-24	1	14
ENSG00000183624.13	0.824213284751339	1.07207843707167e-24	1	10
ENSG00000124356.15	0.824220330473369	1.07026547982144e-24	3	10
ENSG00000002834.17	0.824302736587597	1.04928168496562e-24	1	3
ENSG00000138028.15	0.824606932325868	9.75234736091453e-25	1	6
ENSG00000180370.10	0.824902218543453	9.08235613370397e-25	6	1
ENSG00000085831.15	0.824998016675403	8.87478668190188e-25	1	6
ENSG00000113327.15	0.825177953095887	8.49732606366074e-25	1	6
ENSG00000162426.14	0.825259459349677	8.3315353567466e-25	1	6
ENSG00000114439.18	0.82532405074997	8.20239204847976e-25	10	1
ENSG00000170540.14	0.825423721121913	8.00692820517507e-25	1	14
ENSG00000283183.1	0.825510619611363	7.84021832222903e-25	1	6
ENSG00000158008.9	0.825636950265066	7.60387371248053e-25	1	6
ENSG00000069424.14	0.825673579449654	7.53665364134659e-25	1	6
ENSG00000114439.18	0.825748553176318	7.40086501801402e-25	10	6
ENSG00000144711.13	0.825779923794419	7.34475778231771e-25	1	13
ENSG00000182372.9	0.825796787229013	7.31476844874557e-25	3	10
ENSG00000224531.5	0.826036218181002	6.90162265981861e-25	1	13
ENSG00000084093.16	0.826076306591373	6.8347068339839e-25	6	1
ENSG00000144583.4	0.826222325755344	6.59627056177897e-25	1	6
ENSG00000113269.13	0.826256730286439	6.54128129169301e-25	3	14
ENSG00000097021.19	0.826405715606172	6.308263955031e-25	1	6
ENSG00000136878.12	0.826647614438231	5.94703812747234e-25	1	6
ENSG00000122140.10	0.826923160256051	5.5600817218037e-25	1	10
ENSG00000261292.2	0.827086078222108	5.34294488589256e-25	1	6
ENSG00000106976.20	0.827157768617423	5.25003343986365e-25	1	6
ENSG00000166407.13	0.827237327594704	5.14876584024132e-25	1	6
ENSG00000189410.11	0.827262869391175	5.11665991409567e-25	1	6
ENSG00000159753.13	0.827555211160816	4.7627936139236e-25	1	6
ENSG00000132563.15	0.827650583267354	4.65259362139364e-25	1	10
ENSG00000150768.15	0.827688747904657	4.60919449593845e-25	1	14
ENSG00000184207.8	0.827694692277113	4.60247040143351e-25	1	6
ENSG00000083454.21	0.82774251475694	4.54872150348926e-25	1	6
ENSG00000130540.13	0.827994049628638	4.27592421213567e-25	1	6
ENSG00000133275.15	0.82800773988807	4.26154305315969e-25	1	6
ENSG00000131143.8	0.828059291407419	4.20781133338176e-25	1	6
ENSG00000162065.12	0.828449810497102	3.82165997538875e-25	1	6
ENSG00000011485.14	0.828713465210567	3.58070682479247e-25	1	14
ENSG00000128159.11	0.828737403965527	3.55957684845273e-25	8	11
ENSG00000124222.22	0.828951867073917	3.37561525651114e-25	3	8
ENSG00000105223.19	0.829038980439098	3.3035654765816e-25	1	6
ENSG00000119487.16	0.829249267882405	3.13575665511053e-25	1	3
ENSG00000139323.13	0.829482633942934	2.95924476876788e-25	10	1
ENSG00000114923.16	0.829777902173867	2.74973286997251e-25	1	6
ENSG00000273820.1	0.829796866461034	2.7367818480098e-25	1	6
ENSG00000127616.17	0.829852022466655	2.69945163658634e-25	1	6
ENSG00000089818.17	0.830023842127736	2.58631294686137e-25	1	6
ENSG00000188674.10	0.830138458386776	2.51342331428559e-25	1	6
ENSG00000170540.14	0.830228944346888	2.45729612715744e-25	1	3
ENSG00000165434.7	0.830274302599983	2.42962224205489e-25	1	6
ENSG00000099822.2	0.830292592768381	2.4185491652983e-25	1	13
ENSG00000163618.17	0.830413567719789	2.34653737104447e-25	1	6
ENSG00000164620.8	0.830521855228295	2.28385227028674e-25	1	6
ENSG00000105409.16	0.83061889768302	2.22906451273107e-25	1	6
ENSG00000204856.11	0.830745675561181	2.15941406165952e-25	1	6
ENSG00000129084.17	0.830778522800972	2.14171670880415e-25	1	3
ENSG00000107902.13	0.831009983162342	2.02095448747627e-25	3	14
ENSG00000198910.12	0.831160212478157	1.94615079511401e-25	1	6
ENSG00000131067.16	0.831257924464247	1.8989518442216e-25	1	6
ENSG00000167964.12	0.831590520430961	1.74650242928874e-25	1	6
ENSG00000049245.12	0.831644305016683	1.72299644970583e-25	10	1
ENSG00000119139.17	0.831743353701457	1.68051188801618e-25	6	1
ENSG00000130770.17	0.831842851671664	1.63886248052881e-25	1	6
ENSG00000115361.7	0.83198525336918	1.58099805694316e-25	4	13
ENSG00000008056.13	0.832224987865815	1.48804736007137e-25	1	6
ENSG00000136698.8	0.832438915902278	1.40961254576369e-25	1	6
ENSG00000054356.13	0.832539750602734	1.37405322176524e-25	1	6
ENSG00000104435.13	0.832657365056932	1.33367966362147e-25	1	6
ENSG00000142549.9	0.832725862370047	1.31070147097313e-25	1	6
ENSG00000135525.18	0.832788710687875	1.28995781539881e-25	3	10
ENSG00000007376.7	0.832843504024678	1.27213396985607e-25	1	10
ENSG00000063176.15	0.833121628872862	1.18529717535761e-25	1	6
ENSG00000070886.11	0.833168748267	1.17116900580109e-25	1	6
ENSG00000160469.16	0.833197719306536	1.16256396902449e-25	1	6
ENSG00000135423.12	0.833245577499347	1.14848374249419e-25	1	6
ENSG00000168000.14	0.833247566017526	1.14790231459097e-25	1	6
ENSG00000107130.9	0.83351835769325	1.07134576632341e-25	1	6
ENSG00000185105.5	0.833604795090314	1.04797313272176e-25	1	6
ENSG00000198853.11	0.83370172210715	1.02235467418829e-25	1	13
ENSG00000141098.12	0.833797348756437	9.97678134920604e-26	1	6
ENSG00000250510.7	0.834030549444841	9.39907851187903e-26	1	6
ENSG00000003756.16	0.834055005248826	9.3404171190919e-26	3	8
ENSG00000172932.14	0.834167160549975	9.07593000054562e-26	1	6
ENSG00000105696.8	0.834253318966152	8.87771791420227e-26	1	6
ENSG00000154096.13	0.834338386368225	8.68615523090057e-26	1	6
ENSG00000174938.14	0.834370170626576	8.61561874683001e-26	1	13
ENSG00000164125.15	0.834409027462142	8.53014431141861e-26	4	13
ENSG00000134748.12	0.834457854203244	8.42390923196077e-26	6	1
ENSG00000074317.10	0.83453471542743	8.25928397529524e-26	1	6
ENSG00000041353.9	0.834863309356539	7.59013095175879e-26	1	6
ENSG00000232903.2	0.835214141989464	6.93400088672048e-26	1	6
ENSG00000174775.16	0.835289961028083	6.79964254175673e-26	1	6
ENSG00000130643.8	0.835318547340348	6.74964614177492e-26	1	6
ENSG00000126950.7	0.835752338885792	6.03349913371568e-26	1	6
ENSG00000166448.14	0.835764494416683	6.01453745314389e-26	1	6
ENSG00000116117.17	0.835843813067757	5.89222409622437e-26	6	1
ENSG00000255686.1	0.836144268115105	5.45050023006756e-26	1	6
ENSG00000133878.8	0.836297740840121	5.23748758791227e-26	1	6
ENSG00000131067.16	0.836675870791619	4.74667582495089e-26	1	13
ENSG00000159409.14	0.83671769205369	4.69522661074644e-26	1	6
ENSG00000168769.13	0.83679046254066	4.60699523045326e-26	6	1
ENSG00000149925.17	0.836904919211397	4.47147940675403e-26	1	14
ENSG00000258986.6	0.836981398300696	4.38310138674251e-26	1	6
ENSG00000184545.10	0.836998449140305	4.36363093952267e-26	1	6
ENSG00000001084.10	0.837067180144928	4.28599742111448e-26	6	1
ENSG00000111726.12	0.837124339294936	4.22246082515871e-26	1	6
ENSG00000105393.15	0.837239454711038	4.09727409304762e-26	1	6
ENSG00000125744.11	0.83737333893801	3.95622088388485e-26	1	6
ENSG00000101489.19	0.837844506445337	3.49645307531736e-26	1	6
ENSG00000160113.5	0.837892576818084	3.45258353138362e-26	1	6
ENSG00000100604.12	0.838107183209187	3.26318481269438e-26	1	6
ENSG00000170445.12	0.838127557958284	3.24573862237109e-26	1	6
ENSG00000008118.9	0.838154554997686	3.2227619034558e-26	1	6
ENSG00000101460.12	0.838249638259572	3.14309309516595e-26	1	6
ENSG00000007047.14	0.838705088427278	2.78732442620949e-26	1	6
ENSG00000067955.13	0.839165080194122	2.46793092208344e-26	6	1
ENSG00000124194.16	0.839188371246326	2.45274481945816e-26	1	6
ENSG00000198216.10	0.8393477806627	2.35122415084253e-26	1	6
ENSG00000156873.15	0.839412405494953	2.31124420458622e-26	1	6
ENSG00000178996.13	0.839452599768746	2.28671303840216e-26	10	1
ENSG00000068615.17	0.83959182291382	2.20368841370422e-26	1	6
ENSG00000124507.10	0.83965324240006	2.16800191181047e-26	1	6
ENSG00000127445.13	0.839710121499063	2.13545603430234e-26	1	6
ENSG00000136541.14	0.839829776421022	2.06853656436204e-26	3	10
ENSG00000147874.10	0.839901352053218	2.02948774581838e-26	10	1
ENSG00000163462.17	0.839957441587779	1.99939032191353e-26	1	13
ENSG00000011347.9	0.840262457893782	1.84317811173297e-26	1	6
ENSG00000159164.9	0.840444187708531	1.75582880827879e-26	1	6
ENSG00000254585.2	0.840596098997295	1.68591813668133e-26	1	6
ENSG00000174516.14	0.841161358696569	1.44882078534644e-26	1	6
ENSG00000144834.13	0.841364745877829	1.37172893578386e-26	1	6
ENSG00000130475.14	0.841462339396359	1.33617074179593e-26	3	14
ENSG00000162607.12	0.841508594374968	1.31963300632566e-26	6	1
ENSG00000196972.8	0.841554707637996	1.30334451604765e-26	1	6
ENSG00000105649.9	0.84155694232101	1.30256016027767e-26	1	6
ENSG00000125971.16	0.841650427393659	1.27015651790824e-26	1	6
ENSG00000128881.16	0.841844741007344	1.20529694617784e-26	1	13
ENSG00000188352.12	0.841880702086065	1.1936526706763e-26	1	6
ENSG00000067606.16	0.841931327002601	1.17744578459909e-26	1	6
ENSG00000261236.7	0.841957175273272	1.16925369256385e-26	1	6
ENSG00000197457.9	0.842280991482867	1.07121558280041e-26	1	6
ENSG00000106078.17	0.842590415819431	9.8504317056779e-27	3	10
ENSG00000147421.17	0.842695415354697	9.57366395232908e-27	1	6
ENSG00000107282.7	0.842732979708903	9.47650043730483e-27	1	6
ENSG00000177542.10	0.842935465362204	8.96907461394957e-27	1	6
ENSG00000159363.17	0.842975214969993	8.87261907038919e-27	1	6
ENSG00000102158.19	0.842975603730985	8.87168072039268e-27	6	1
ENSG00000184900.15	0.842999733174805	8.81362849548092e-27	1	3
ENSG00000213930.11	0.843054618742739	8.68295618257899e-27	1	6
ENSG00000068971.13	0.843070165478644	8.64628667112602e-27	1	13
ENSG00000141622.13	0.843086758525419	8.60731573200342e-27	1	6
ENSG00000101972.18	0.843172006569358	8.40978233370236e-27	10	6
ENSG00000108309.13	0.843200906532441	8.34382446634618e-27	1	6
ENSG00000049245.12	0.843341512950287	8.03004553036233e-27	10	3
ENSG00000158711.13	0.843400855031379	7.90109469760667e-27	6	1
ENSG00000136531.15	0.843517476841036	7.65352706791703e-27	1	6
ENSG00000173267.13	0.843646412814796	7.38861400000129e-27	1	6
ENSG00000242173.8	0.843677602721346	7.32588549290042e-27	1	6
ENSG00000167037.18	0.843720875424095	7.23971498713329e-27	1	6
ENSG00000168824.14	0.843771513538509	7.14013111394294e-27	1	6
ENSG00000101577.9	0.843842066059895	7.00360620578773e-27	1	3
ENSG00000178947.8	0.84388737826287	6.91726836118429e-27	1	6
ENSG00000254377.5	0.844291457410108	6.19182214948863e-27	1	6
ENSG00000148798.10	0.844534114831538	5.79239338410194e-27	1	6
ENSG00000184226.14	0.844536113805984	5.78920957714394e-27	3	10
ENSG00000110697.12	0.844601513554385	5.68598142353832e-27	1	6
ENSG00000146826.16	0.844629162415048	5.64288138857517e-27	1	6
ENSG00000165152.8	0.844859785066541	5.2955667719565e-27	1	13
ENSG00000237289.9	0.844898435687495	5.23943476361562e-27	1	6
ENSG00000232434.2	0.844933544241312	5.1889496679097e-27	1	6
ENSG00000164885.12	0.844971340770179	5.13512918291932e-27	1	6
ENSG00000070214.15	0.845169712717841	4.86145505001986e-27	3	10
ENSG00000139998.14	0.845275280664518	4.72166228359248e-27	1	6
ENSG00000186487.17	0.845480427963944	4.46112054427677e-27	1	6
ENSG00000184515.10	0.845606224486029	4.30834281268649e-27	1	6
ENSG00000067225.17	0.84569816248392	4.19992271280296e-27	1	14
ENSG00000101265.15	0.845778148986172	4.10776307261216e-27	3	10
ENSG00000135127.11	0.845890702119794	3.98141031947505e-27	1	6
ENSG00000142408.4	0.846196980199602	3.65645074998864e-27	1	6
ENSG00000099814.15	0.8462126172448	3.64057259083336e-27	1	6
ENSG00000132879.13	0.846302051099317	3.55104259209923e-27	1	6
ENSG00000152932.7	0.846376606639348	3.47804988885464e-27	1	6
ENSG00000109436.7	0.846537131577575	3.32581819295549e-27	1	6
ENSG00000102078.15	0.846593437372937	3.27397533535873e-27	1	6
ENSG00000157870.14	0.846655931899441	3.21735623446886e-27	1	6
ENSG00000198835.3	0.84681730204953	3.07553392496921e-27	3	12
ENSG00000214655.10	0.846819233777403	3.07387366224658e-27	8	11
ENSG00000160753.15	0.846858470013486	3.04033969368241e-27	1	6
ENSG00000084453.16	0.84705268503311	2.87953031978635e-27	3	10
ENSG00000187672.12	0.847121744662011	2.82437159237591e-27	1	6
ENSG00000175264.7	0.847152572024999	2.80008309902592e-27	1	14
ENSG00000107147.12	0.847200254425662	2.76291512350658e-27	1	6
ENSG00000137547.8	0.847312799947575	2.67708334991142e-27	1	14
ENSG00000213339.8	0.847331332575898	2.66320105898831e-27	8	11
ENSG00000143149.12	0.847361092257519	2.64105553132662e-27	4	13
ENSG00000171450.5	0.847904604135229	2.26678691307512e-27	1	6
ENSG00000087152.15	0.848010052617797	2.20041530890083e-27	1	6
ENSG00000173898.11	0.848023283442147	2.19222245513979e-27	1	6
ENSG00000099999.14	0.84805381950364	2.17342708426947e-27	1	10
ENSG00000142530.10	0.848155752043494	2.11181628644847e-27	1	6
ENSG00000106327.12	0.84821947019309	2.07417136386166e-27	1	6
ENSG00000179222.17	0.84828775056391	2.03455696944515e-27	1	14
ENSG00000129355.6	0.848752882176977	1.78365336997617e-27	1	6
ENSG00000139200.13	0.849011966420536	1.65725255332678e-27	1	6
ENSG00000082014.16	0.849053586426707	1.63777834938753e-27	1	6
ENSG00000174996.11	0.849099885305735	1.61637687891595e-27	1	6
ENSG00000167654.17	0.849108512716001	1.61241913034532e-27	1	6
ENSG00000136854.19	0.849150790861857	1.59316053650095e-27	1	6
ENSG00000197959.13	0.849211629727787	1.56584000001197e-27	1	13
ENSG00000103496.14	0.849223490766909	1.56056707866227e-27	3	14
ENSG00000198933.9	0.84923428906278	1.55578165959103e-27	1	6
ENSG00000169330.8	0.849269323063386	1.54035410132129e-27	1	13
ENSG00000100321.14	0.84941341797066	1.47845336375439e-27	1	6
ENSG00000188191.14	0.849577036802392	1.41110261574986e-27	1	6
ENSG00000223572.9	0.849603883179445	1.40034119935441e-27	1	6
ENSG00000228594.3	0.850135434702699	1.20301610918501e-27	1	6
ENSG00000162664.16	0.85047699075021	1.09081621577982e-27	3	10
ENSG00000076928.17	0.850598536877578	1.05340390108717e-27	3	8
ENSG00000169884.13	0.850634804161938	1.04248503661874e-27	1	6
ENSG00000105255.10	0.850875940054048	9.72641215380793e-28	1	6
ENSG00000260807.6	0.851182667628471	8.9036181510795e-28	3	8
ENSG00000132872.11	0.851477460261826	8.17697542860168e-28	1	6
ENSG00000159692.15	0.85166176085673	7.75240566554893e-28	1	6
ENSG00000139182.13	0.851714537478138	7.63483525829969e-28	1	6
ENSG00000197694.15	0.851767816855043	7.51790818948771e-28	1	6
ENSG00000102172.15	0.852159720858724	6.70986747469727e-28	1	3
ENSG00000141580.15	0.852416770270499	6.22653128411788e-28	6	1
ENSG00000116337.15	0.852485368546046	6.10339050353329e-28	1	6
ENSG00000115896.15	0.852665954557438	5.79045954354325e-28	3	10
ENSG00000177432.6	0.852969781730634	5.29890892991647e-28	1	6
ENSG00000128524.4	0.853295466131484	4.81716998153642e-28	1	6
ENSG00000177380.13	0.853632893992603	4.3631416794747e-28	1	6
ENSG00000102271.13	0.85382341417836	4.12550336200207e-28	3	10
ENSG00000103145.10	0.853934611596022	3.99268654544476e-28	1	6
ENSG00000198915.11	0.854259532899203	3.62802877556773e-28	1	6
ENSG00000133243.8	0.854318683511005	3.565231755184e-28	1	6
ENSG00000204314.10	0.85450173635904	3.37753327240224e-28	1	6
ENSG00000096717.11	0.854658959636387	3.22403782523415e-28	6	1
ENSG00000172086.7	0.855539667380246	2.48204115344053e-28	6	1
ENSG00000065609.14	0.855604444420191	2.43458272600344e-28	1	6
ENSG00000132694.18	0.855825620136507	2.27911243524981e-28	1	6
ENSG00000166225.8	0.855830410603419	2.27585453012922e-28	6	10
ENSG00000241973.10	0.855964079122046	2.18675763714292e-28	1	6
ENSG00000186648.14	0.856460675255646	1.88457123102998e-28	1	6
ENSG00000075340.22	0.856832738199196	1.6852420636703e-28	1	6
ENSG00000155093.17	0.857044673823956	1.58105028922184e-28	1	6
ENSG00000148308.17	0.857232206505794	1.49411232032176e-28	3	8
ENSG00000164068.15	0.857308839299412	1.45994350073292e-28	1	6
ENSG00000163888.3	0.857455385195341	1.39671034289618e-28	1	6
ENSG00000168481.8	0.857584366919216	1.3432710667412e-28	3	12
ENSG00000176463.13	0.858013602045693	1.17939806304875e-28	3	12
ENSG00000133985.2	0.858079790275168	1.15592885087514e-28	1	6
ENSG00000163013.11	0.858495094341756	1.01872586112352e-28	1	6
ENSG00000164398.12	0.858805321360562	9.26730075120301e-29	1	14
ENSG00000157064.10	0.858838159069118	9.17480070437836e-29	1	6
ENSG00000125851.9	0.858987668111142	8.76490475323484e-29	1	6
ENSG00000158805.11	0.859203786048079	8.20378259719003e-29	3	8
ENSG00000167815.11	0.859265183576528	8.05086553456138e-29	1	14
ENSG00000137497.17	0.859932847502837	6.55739191541707e-29	3	8
ENSG00000258947.6	0.860195249785542	6.04759852426211e-29	1	6
ENSG00000143153.12	0.860244273702317	5.95673651917834e-29	1	13
ENSG00000108797.11	0.860329636982746	5.80168868758014e-29	1	6
ENSG00000104863.11	0.860631708881528	5.28398689654252e-29	1	6
ENSG00000141447.17	0.860773178020977	5.05729425257855e-29	3	10
ENSG00000102003.10	0.861341993512324	4.23776248737854e-29	1	6
ENSG00000184384.13	0.861408752739402	4.1505224681938e-29	4	13
ENSG00000104859.14	0.86163377423334	3.8691734346136e-29	3	8
ENSG00000075711.20	0.861860140720783	3.60493346016513e-29	3	10
ENSG00000044115.20	0.862118527834346	3.32478881840546e-29	6	1
ENSG00000213190.3	0.862324889058941	3.11640374704013e-29	1	6
ENSG00000102931.7	0.862470333668105	2.97724101755362e-29	1	3
ENSG00000129158.10	0.862687540379428	2.7806294122443e-29	1	6
ENSG00000128596.16	0.863130532814537	2.41808670769828e-29	1	6
ENSG00000206527.9	0.86314726501891	2.405337969865e-29	6	1
ENSG00000162188.5	0.863505573588402	2.14753876515295e-29	1	6
ENSG00000169871.12	0.863567433850941	2.10584631452556e-29	6	1
ENSG00000170091.10	0.863768881666244	1.97547169995348e-29	1	6
ENSG00000177875.4	0.863792422950439	1.960759630247e-29	1	6
ENSG00000064687.12	0.863972351203822	1.85178837034088e-29	1	6
ENSG00000068971.13	0.864065864410519	1.79750871401852e-29	1	6
ENSG00000006740.16	0.864104505537527	1.775535297205e-29	1	6
ENSG00000166924.8	0.864519659256202	1.55537588242475e-29	1	6
ENSG00000136274.8	0.864605275747645	1.5134037784609e-29	3	12
ENSG00000169258.6	0.864743678127841	1.44787905410214e-29	1	6
ENSG00000175416.12	0.864746482029987	1.44658059699233e-29	1	6
ENSG00000077264.14	0.865024149187009	1.32346610326838e-29	1	6
ENSG00000132026.13	0.865093027133429	1.29454471512377e-29	1	6
ENSG00000235961.5	0.865148203802724	1.27182182876275e-29	1	6
ENSG00000115459.17	0.865223886098305	1.24128583006108e-29	3	8
ENSG00000019505.7	0.865274296589741	1.22134432303487e-29	1	6
ENSG00000152556.15	0.865648005716342	1.08294516499445e-29	1	14
ENSG00000155111.14	0.865650810267147	1.0819667004454e-29	3	10
ENSG00000132535.18	0.86590043019731	9.98245705274643e-30	1	6
ENSG00000176788.8	0.866185085462173	9.10470933696071e-30	1	6
ENSG00000087085.13	0.866358357706984	8.60776151491256e-30	1	6
ENSG00000132932.16	0.866490794604972	8.24586219159585e-30	1	6
ENSG00000076864.19	0.866848238164392	7.3415752908094e-30	1	6
ENSG00000204851.6	0.868210032268313	4.70164531973236e-30	1	6
ENSG00000188573.7	0.868735662834495	3.95339155890821e-30	1	6
ENSG00000130758.7	0.869848838037291	2.73190407703393e-30	1	6
ENSG00000166111.9	0.869996005573878	2.60097050459836e-30	1	6
ENSG00000099365.10	0.870312824240392	2.33952882008208e-30	1	6
ENSG00000132780.16	0.870395794979963	2.27541057567729e-30	3	8
ENSG00000114279.13	0.870501262062877	2.19637709976681e-30	1	6
ENSG00000103269.13	0.870527352224686	2.17724289416284e-30	1	6
ENSG00000145214.13	0.870595846640497	2.12778022422576e-30	1	6
ENSG00000213023.10	0.870674343328943	2.0724414300515e-30	1	6
ENSG00000102699.5	0.870998592308526	1.8583554324588e-30	6	1
ENSG00000167642.12	0.871043136047573	1.83068488284011e-30	1	6
ENSG00000136754.16	0.871323608728874	1.66546160869694e-30	4	12
ENSG00000183837.9	0.871788549742542	1.42306698814852e-30	1	6
ENSG00000176182.5	0.872280165162389	1.20422299229515e-30	1	6
ENSG00000101098.12	0.872308855513562	1.19251961234526e-30	1	6
ENSG00000077080.9	0.872419725972269	1.14832699746062e-30	1	6
ENSG00000129675.15	0.872530791909214	1.10565936621954e-30	4	12
ENSG00000280798.1	0.872924902760017	9.66374728558054e-31	1	6
ENSG00000128011.4	0.8737321299155	7.32426141912372e-31	1	6
ENSG00000111674.8	0.87403762956276	6.59157330586181e-31	1	6
ENSG00000196405.12	0.874714290880859	5.21405439924881e-31	1	6
ENSG00000165678.20	0.874976040566671	4.76028779709627e-31	1	14
ENSG00000178996.13	0.875144410673239	4.48901136113927e-31	10	6
ENSG00000137218.10	0.875225199146819	4.36425816659796e-31	1	6
ENSG00000253368.3	0.875318992086824	4.22366233011243e-31	1	6
ENSG00000241360.1	0.875342625738016	4.18893823528921e-31	1	6
ENSG00000172466.15	0.875905977327875	3.43895870321538e-31	10	1
ENSG00000133612.18	0.877445604679941	1.9958638114693e-31	1	6
ENSG00000272031.2	0.878219517268099	1.51408538900049e-31	1	6
ENSG00000143630.9	0.87950947315244	9.51354351605441e-32	1	6
ENSG00000075043.18	0.8795235103095	9.46528220421651e-32	1	6
ENSG00000152234.15	0.879632899876504	9.09728332582786e-32	1	14
ENSG00000171163.15	0.879716905351395	8.82419057299973e-32	8	11
ENSG00000176749.8	0.880174354234069	7.47171423268333e-32	1	6
ENSG00000175229.6	0.880641940800502	6.29881780766115e-32	1	6
ENSG00000065989.15	0.881322563260311	4.90628589878885e-32	1	6
ENSG00000101972.18	0.881634605659199	4.37304566658898e-32	10	1
ENSG00000176454.13	0.882324955662678	3.3863619626142e-32	1	6
ENSG00000183230.16	0.882912632459918	2.72050537649213e-32	3	10
ENSG00000107954.10	0.883377023580708	2.2863992798112e-32	1	6
ENSG00000142235.8	0.883605769445647	2.09819662079039e-32	1	6
ENSG00000151948.11	0.88382506113849	1.93200694105809e-32	1	6
ENSG00000101290.13	0.884203262573567	1.67506527227414e-32	1	14
ENSG00000125814.17	0.88457753256887	1.4537383368512e-32	1	6
ENSG00000105143.12	0.884658454724674	1.4097799264416e-32	1	6
ENSG00000061936.9	0.888032511836604	3.83795979719331e-33	3	8
ENSG00000198276.15	0.888718873851085	2.93048243678992e-33	3	8
ENSG00000148399.12	0.8890611329385	2.55993220358426e-33	3	8
ENSG00000212864.3	0.889551780039776	2.1073025568434e-33	1	6
ENSG00000169750.8	0.890976030356533	1.19167656189202e-33	1	6
ENSG00000092051.16	0.891826706609796	8.44592833227899e-34	1	6
ENSG00000076826.9	0.891842308294374	8.39254488874292e-34	1	6
ENSG00000154118.12	0.892593148968471	6.17829692224152e-34	1	6
ENSG00000186522.14	0.892664538214607	6.0002532129116e-34	3	10
ENSG00000168434.12	0.892886265515055	5.47860585144348e-34	8	11
ENSG00000105613.9	0.897984227188456	6.39451841820521e-35	1	6
ENSG00000179292.4	0.900017116544272	2.63015950111874e-35	3	12
ENSG00000167702.11	0.904432315776458	3.57030890101766e-36	1	6
ENSG00000101210.10	0.907125822534958	1.00610010917464e-36	1	6
ENSG00000171314.8	0.907822816142956	7.2039120458782e-37	1	14
ENSG00000177595.17	0.908912486600627	4.25048282863432e-37	3	8
ENSG00000125170.10	0.91134969274	1.27457890730437e-37	1	6
ENSG00000099364.16	0.911633503451544	1.10529202513728e-37	1	6
ENSG00000138593.8	0.91722404984217	6.02601191547691e-39	3	10
ENSG00000172890.11	0.920422054729563	1.038796903396e-39	3	8
