BackgroundFile: background.txt 
Geneset: data/human_genesigdb.gmt SaveFile: BRNPUT.LSM14A.top50genes.human.txt
TestFile: BRNPUT.LSM14A.top50genes.txt 
HumanProstate_Yu07_87genes 	3	47	71	16917	15.208570572370393	0.001331376882382086	1	FGF13,TAC1,PENK
HumanBrain_Hoelzinger05_117genes 	3	47	77	16911	14.018513401492125	0.0016667312829918594	1	ATP2B1,LDB2,GRIN2A
HumanEndometrial_Maxwell05_66genes 	2	48	29	16959	24.36637931034483	0.003716992148163576	1	SLC38A1,GAD1
HumanEmbryo_Heim07_49genes 	2	48	30	16958	23.552777777777777	0.003957385968307254	1	CNR1,LNX1
HumanProstate_Ashida04_41genes 	2	48	31	16957	22.791666666666668	0.0042048340204975275	1	FGF13,LDB2
HumanLeukemia_Whitney09_50genes_51-100DownRegulated 	2	48	32	16956	22.078125	0.004459294525694267	1	VAT1L,SLC38A1
HumanLeukemia_Dijkman07_63genes 	2	48	34	16954	20.776960784313726	0.004989086657352837	1	SLC38A1,WASF1
HumanLung_Singh04_53genes 	2	48	42	16946	16.811507936507937	0.007380518052248086	1	LDB2,EEF1A2
HumanLung_Wang05_64genes 	2	48	44	16944	16.045454545454547	0.008044822547926605	1	FGF13,FGF14
HumanLymphoma_Birgersdotter07_49genes 	2	48	44	16944	16.045454545454547	0.008044822547926605	1	PPP3CA,TSPAN13
HumanStemCell_Hasselblatt_53genes 	2	48	45	16943	15.687962962962963	0.008386722220822656	1	TAC1,NPTN
HumanBreast_Watson07_67genes 	2	48	47	16941	15.018617021276595	0.009089819547581828	1	FGF13,KCNAB1
HumanStemCell_Huang08_60genes_NSCs 	2	48	47	16941	15.018617021276595	0.009089819547581828	1	GAD1,HS6ST2
HumanColon_Grade06_85genes 	2	48	49	16939	14.40391156462585	0.009818386971773053	1	LDB2,HS6ST2
HumanBreast_Konstantinopoulos10_60genes 	2	48	49	16939	14.40391156462585	0.009818386971773053	1	SEH1L,GUCY1B3
HumanColon_Lacroix05_93genes 	2	48	51	16937	13.837418300653594	0.010572114160980054	1	PCP4,CACNB4
HumanLeukemia_Sanchez-Guijo08_62genes 	2	48	52	16936	13.570512820512821	0.010958316410279707	1	ATP2B1,KCNAB1
HumanKidney_Doghman07_98genes 	2	48	58	16930	12.16235632183908	0.013403873673924843	1	FGF13,TMOD1
HumanStemCell_Singleton08_114genes 	2	48	58	16930	12.16235632183908	0.013403873673924843	1	TMOD1,GAD1
HumanUterine_Matsumura06_67genes 	2	48	62	16926	11.375	0.015153725215186837	1	PCP4,TMOD1
HumanEmbryo_Heim07_273genes 	3	47	175	16813	6.132401215805471	0.015341836858091587	1	CNR1,VAT1L,LNX1
HumanBrain_Wong05_96genes 	2	48	63	16925	11.193783068783068	0.015605783484453732	1	PPP3CA,PCP4
HumanLung_Coldren06_305genes 	3	47	178	16810	6.0279703562036815	0.016037032972987066	1	LNX1,MAL2,GUCY1B3
HumanEmbryonicStemCell_Xu09_85genes 	2	48	72	16916	9.789351851851851	0.019929409717346563	1	ATP2B1,KCNAB1
HumanStemCell_Moreno04_101genes 	2	48	76	16912	9.271929824561404	0.021994098137172926	1	SLC38A1,PDE10A
HumanLeukemia_Gebhard06_131genes 	2	48	85	16903	8.28578431372549	0.02694668578041434	1	KCNAB1,RAB3C
HumanLymphoma_Miyazaki09_204genes 	2	48	97	16891	7.255584192439863	0.03417633938020517	1	TAC1,NPTN
HumanKidney_Twine03_132genes 	2	48	98	16890	7.1811224489795915	0.034809565349056014	1	ATP2B1,TMOD1
HumanLeukemia_Alcalay05_160genes 	2	48	102	16886	6.897875816993464	0.037387994382408925	1	TSPAN13,B4GALT6
HumanLeukemia_Langer08_174genes 	2	48	113	16875	6.222345132743363	0.044840780040203684	1	TSPAN13,B4GALT6
HumanUmbilicalCordBloodCells_Miyagawa09_145genes 	2	48	115	16873	6.113405797101449	0.046250679145163766	1	TSPAN13,GUCY1B3
HumanSarcoma_Missiaglia10_212genes 	2	48	121	16867	5.808195592286501	0.050577183771976446	1	COL25A1,HS6ST2
HumanLeukemia_Corre07_163genes 	2	48	125	16863	5.621	0.0535399106778428	1	PENK,PDE10A
HumanViral_Scott04_135genes 	2	48	128	16860	5.48828125	0.055801834398512884	1	LDB2,PENK
HumanLung_Hoang05_181genes 	2	48	131	16857	5.361641221374046	0.05809711307175154	1	PCP4,RIMS1
HumanUterine_Santin05_178genes 	2	48	136	16852	5.1629901960784315	0.06199471268731941	1	LDB2,PCP4
HumanStemCell_Singleton08_40genes 	1	49	21	16967	16.488824101069	0.06264802206965095	1	TMOD1
HumanUterine_Schmalbach04_37genes 	1	49	21	16967	16.488824101069	0.06264802206965095	1	WASF1
HumanStemCell_Kocer08_185genes 	2	48	145	16843	4.839942528735632	0.06922816017630141	1	CNR1,GUCY1B3
HumanStemCell_Paakkonen07_50genes 	1	49	25	16963	13.84734693877551	0.0736178209858481	1	TAC1
HumanEmbryonicStemCell_Xu09_34genes 	1	49	25	16963	13.84734693877551	0.0736178209858481	1	TMOD1
HumanLymphoma_Flotho06_32genes 	1	49	26	16962	13.31397174254317	0.07634055253044753	1	CNR1
HumanBreast_Creighton07_30genes_ERnegHormoneIndependent_down 	1	49	26	16962	13.31397174254317	0.07634055253044753	1	TSPAN13
HumanLymphoma_Hummel06_50genes 	1	49	26	16962	13.31397174254317	0.07634055253044753	1	WASF1
HumanLung_Rohrbeck08_39genes_CancervNormal 	1	49	27	16961	12.82010582010582	0.07905544126972602	1	ATP2B1
HumanStemCell_Mullighan09_35genes 	1	49	28	16960	12.361516034985423	0.08176250934438711	1	GUCY1B3
HumanStemCell_Wagner04_36genes 	1	49	28	16960	12.361516034985423	0.08176250934438711	1	GUCY1B3
HumanLiver_Li02_36genes 	1	49	28	16960	12.361516034985423	0.08176250934438711	1	TAC1
HumanStemCell_Komor05_39genes 	1	49	28	16960	12.361516034985423	0.08176250934438711	1	TMOD1
HumanLung_not_cancer_Gambardella06_38genes 	1	49	29	16959	11.934553131597466	0.08446177881994678	1	PPP3CA
HumanLung_Broet09_58genes 	1	49	29	16959	11.934553131597466	0.08446177881994678	1	ZNF804A
HumanLeukemia_Whitney09_50genes_1-50DownRegulated 	1	49	30	16958	11.536054421768707	0.08715327170929521	1	SLC38A1
HumanBreast_Abba05_183genes 	2	48	167	16821	4.19685628742515	0.08798489159852754	1	EEF1A2,TSPAN13
HumanLeukemia_Yeoh02_40genes_Novel 	1	49	31	16957	11.16326530612245	0.08983700995784269	1	CNR1
HumanColon_Dessein10_38genes 	1	49	31	16957	11.16326530612245	0.08983700995784269	1	EEF1A2
HumanThyroid_Abu-Khudir10_40genes 	1	49	31	16957	11.16326530612245	0.08983700995784269	1	EEF1A2
HumanLung_Mikkonen10_68genes 	1	49	31	16957	11.16326530612245	0.08983700995784269	1	SFRP5
HumanViral_Ruutu02_44genes 	1	49	31	16957	11.16326530612245	0.08983700995784269	1	SFRP5
HumanBrain_Chen-Plotkin08_40genes_GRN+ 	1	49	31	16957	11.16326530612245	0.08983700995784269	1	TAC1
HumanProstate_Verona07_41genes 	1	49	31	16957	11.16326530612245	0.08983700995784269	1	TSPAN13
Humanpancreas_Jimeno07_39genes 	1	49	32	16956	10.813775510204081	0.09251301545740775	1	FGF13
HumanLeukemia_Payton09_37genes 	1	49	33	16955	10.485466914038343	0.0951813100320272	1	FGF13
HumanOvarian_Appierto07_41genes 	1	49	33	16955	10.485466914038343	0.0951813100320272	1	GAD1
HumanViral_Pazienza08_52genes 	1	49	34	16954	10.176470588235293	0.09784191544769712	1	ATP2B1
HumanBreast_Shen04_45genes_DownRegulated 	1	49	34	16954	10.176470588235293	0.09784191544769712	1	CNR1
HumanBreast_BernardPierrot_48genes 	1	49	34	16954	10.176470588235293	0.09784191544769712	1	PENK
HumanColon_Eschrich05_53genes 	1	49	34	16954	10.176470588235293	0.09784191544769712	1	RAB3C
HumanOvarian_Moreno-Bueno03_66genes 	1	49	35	16953	9.885131195335276	0.10049485340994842	1	GAD1
HumanLiver_Moriyama03_50genes 	1	49	35	16953	9.885131195335276	0.10049485340994842	1	PPP3CA
HumanBrain_Yang04_44genes 	1	49	36	16952	9.609977324263038	0.10314014557352519	1	ELOVL4
HumanLung_Chen04_54genes 	1	49	36	16952	9.609977324263038	0.10314014557352519	1	RIMS2
HumanHeadandNeck_Martens06_209genes 	2	48	184	16804	3.8052536231884058	0.10339715507052462	1	LDB2,GUCY1B3
HumanBreast_Troester06_62genes-down-up_DOX-MCF7 	1	49	37	16951	9.349696635410922	0.1057778135124553	1	ATP2B1
HumanLung_Daniel09_50genes 	1	49	37	16951	9.349696635410922	0.1057778135124553	1	GUCY1A2
HumanStemCell_West07_71genes 	1	49	37	16951	9.349696635410922	0.1057778135124553	1	RIMS2
HumanLeukemia_Cleaver10_57genes 	1	49	37	16951	9.349696635410922	0.1057778135124553	1	TMOD1
HumanUterine_Yasuo09_58genes 	1	49	38	16950	9.103114930182599	0.10840787877100065	1	FGF13
HumanBrain_Freije04_44genes 	1	49	38	16950	9.103114930182599	0.10840787877100065	1	MAL2
HumanSarcoma_Linn03_50genes 	1	49	38	16950	9.103114930182599	0.10840787877100065	1	PDE10A
HumanStemCell_Ding08_50genes 	1	49	38	16950	9.103114930182599	0.10840787877100065	1	PENK
HumanBreast_Karlsson08_48genes 	1	49	40	16948	8.646938775510204	0.11364528702161998	1	EEF1A2
HumanLiver_Utispan10_50genes 	1	49	40	16948	8.646938775510204	0.11364528702161998	1	FGF13
HumanBreast_Itoh05_45genes 	1	49	40	16948	8.646938775510204	0.11364528702161998	1	PPP3CA
HumanMesenchymalStemCells_Yamamoto08_387genes 	2	48	197	16791	3.5513959390862944	0.11564807101310542	1	VAT1L,PENK
HumanProstate_Shepherd08_50genes_3 	1	49	41	16947	8.435540069686411	0.11625267277542085	1	MAL2
HumanProstate_Hendriksen06_60genes 	1	49	42	16946	8.234207968901847	0.11885254135421902	1	ATP2B1
HumanBreast_Barry10_50genes 	1	49	42	16946	8.234207968901847	0.11885254135421902	1	B4GALT6
HumanLiver_Wong05_55genes 	1	49	42	16946	8.234207968901847	0.11885254135421902	1	GRIN2A
HumanStemCell_West07_97genes 	1	49	42	16946	8.234207968901847	0.11885254135421902	1	TMOD1
HumanBreast_Wang05_60genes_ER-positive 	1	49	43	16945	8.042240151874703	0.12144491398851037	1	EEF1A2
HumanStemCell_Medjkane04_51genes 	1	49	43	16945	8.042240151874703	0.12144491398851037	1	TMOD1
HumanStemCell_Shim04_50genes 	1	49	44	16944	7.85899814471243	0.1240298118523325	1	GUCY1B3
HumanViral_Maruyama08_64genes 	1	49	44	16944	7.85899814471243	0.1240298118523325	1	KCNAB1
HumanLeukemia_Tavor03_52genes 	1	49	45	16943	7.68390022675737	0.126607256055931	1	EEF1A2
HumanLeukemia_Falt05_50genes_UpRegulatedLgMutatedNon-VH3 	1	49	45	16943	7.68390022675737	0.126607256055931	1	NPTN
HumanLung_Yabuki07_60genes 	1	49	45	16943	7.68390022675737	0.126607256055931	1	PDE10A
HumanBreast_Adler06_57genes 	1	49	46	16942	7.516415261756877	0.1291772676603266	1	MAL2
HumanLiver_Nakagawa04_74genes 	1	49	46	16942	7.516415261756877	0.1291772676603266	1	PDE10A
HumanStemCell_Tondreau08_58genes 	1	49	46	16942	7.516415261756877	0.1291772676603266	1	PENK
HumanEmbryonicStemCell_Thomas08_119genes 	1	49	46	16942	7.516415261756877	0.1291772676603266	1	SLCO5A1
HumanViral_VanMeter06_56genes 	1	49	46	16942	7.516415261756877	0.1291772676603266	1	TAC1
HumanLeukemia_Yeoh02_53genes 	1	49	46	16942	7.516415261756877	0.1291772676603266	1	WASF1
HumanProstate_Chandran07_307genes 	2	48	212	16776	3.297169811320755	0.13021982229988913	1	PPP3CA,NPTN
HumanBrain_DiarraMehrpour04_53genes 	1	49	47	16941	7.356057316543639	0.13173986766173706	1	GAD1
HumanOvarian_Bonome08_57genes_SurvivalDebulking 	1	49	47	16941	7.356057316543639	0.13173986766173706	1	KCNAB1
HumanViral_Ciccaglione08_56genes 	1	49	47	16941	7.356057316543639	0.13173986766173706	1	MAL2
HumanInVitro_Bild06_298genes 	2	48	216	16772	3.2353395061728394	0.13417667118929297	1	EEF1A2,B4GALT6
HumanBreast_Chen06_56genes 	1	49	48	16940	7.2023809523809526	0.13429507699846435	1	FGF13
HumanColon_Grade06_77genes 	1	49	48	16940	7.2023809523809526	0.13429507699846435	1	MZT1
HumanViral_Bellodi-Privato09_58genes 	1	49	48	16940	7.2023809523809526	0.13429507699846435	1	PPP3CA
HumanOvarian_Shedden05_120genes 	1	49	49	16939	7.054977092877968	0.1368429165468648	1	PCP4
HumanStemCell_Moreno04_62genes 	1	49	49	16939	7.054977092877968	0.1368429165468648	1	PDE10A
HumanBrain_Rickman01_53genes 	1	49	49	16939	7.054977092877968	0.1368429165468648	1	TMOD1
HumanLeukemia_Gross09_279genes 	2	48	219	16769	3.1904490106544903	0.13716250794268664	1	KCNAB1,GAD1
HumanLeukemia_Heuser05_100genes 	1	49	51	16937	6.77751100440176	0.14191656953618076	1	ATP2B1
HumanBreast_Huper07_66genes_LuminalCells 	1	49	51	16937	6.77751100440176	0.14191656953618076	1	GAD1
HumanStemCell_Fukuzawa09_114genes 	1	49	51	16937	6.77751100440176	0.14191656953618076	1	GAD1
HumanOvarian_Spentzos05_93genes 	1	49	51	16937	6.77751100440176	0.14191656953618076	1	GUCY1A2
HumanBreast_Klein07_63genes_human_Mouse 	1	49	51	16937	6.77751100440176	0.14191656953618076	1	LDB2
HumanBreast_O'Brien07_Top100PoorPrognosisGenes 	1	49	51	16937	6.77751100440176	0.14191656953618076	1	PCP4
HumanBreast_Wang05_76genes_ER 	1	49	52	16936	6.646781789638933	0.1444424244493417	1	EEF1A2
HumanLung_not_cancer_Heguy06_62genes 	1	49	52	16936	6.646781789638933	0.1444424244493417	1	GAD1
HumanBrain_Hoelzinger05_59genes 	1	49	52	16936	6.646781789638933	0.1444424244493417	1	GRIN2A
HumanBreast_Balogh06_90genes 	1	49	52	16936	6.646781789638933	0.1444424244493417	1	LDB2
HumanStemCell_Huang08_60genes_MSCs 	1	49	52	16936	6.646781789638933	0.1444424244493417	1	PENK
HumanLeukemia_Xu05_61genes 	1	49	52	16936	6.646781789638933	0.1444424244493417	1	PPP3CA
HumanStemCell_Hao09_359genes 	2	48	228	16760	3.0628654970760234	0.14620846060157638	1	TSPAN13,MAL2
HumanLeukemia_Sanchez-Guijo08_67genes 	1	49	53	16935	6.520985752791683	0.1469609925257543	1	NMNAT2
HumanProstate_John-Aryankalayil09_107genes 	1	49	54	16934	6.399848828420257	0.14947229436632328	1	FGF14
HumanLeukemia_Kiiveri08_100genes_TEL-AML1Tree 	1	49	55	16933	6.283116883116883	0.15197635049463654	1	B4GALT6
HumanLeukemia_Kiiveri08_100genes_MLLParallel 	1	49	55	16933	6.283116883116883	0.15197635049463654	1	VAT1L
HumanHeadandNeck_O?Donnell05_93genes 	1	49	56	16932	6.170553935860059	0.15447318140117866	1	CACNB4
HumanViral_Ruutu02_64genes 	1	49	56	16932	6.170553935860059	0.15447318140117866	1	SFRP5
HumanLung_Dekker02_68genes 	1	49	57	16931	6.061940565699964	0.15696280751748948	1	EEF1A2
HumanBrain_Potter09_66genes 	1	49	57	16931	6.061940565699964	0.15696280751748948	1	GAD1
HumanStemCell_Moreno05_297genes 	2	48	240	16748	2.907638888888889	0.15845864602777357	1	ATP2B1,ZNF804A
HumanPancreas_Nakamura04_76genes 	1	49	58	16930	5.95707248416608	0.15944524918321695	1	PPP3CA
HumanBrain_Wong05_89genes 	1	49	59	16929	5.855759252853684	0.16192052673269625	1	MYT1L
HumanProstate_Stanbrough06_86genes 	1	49	59	16929	5.855759252853684	0.16192052673269625	1	PCP4
HumanBrain_Wong05_78genes 	1	49	60	16928	5.757823129251701	0.16438866042011696	1	PCP4
HumanLeukemia_Boag07_100genes_pre-BALLvCD19_DN 	1	49	60	16928	5.757823129251701	0.16438866042011696	1	PENK
HumanColon_Braconi09_73genes 	1	49	60	16928	5.757823129251701	0.16438866042011696	1	SLC38A1
HumanStemCell_Macaulay07_298genes 	2	48	247	16741	2.824055330634278	0.16569394758575348	1	TMOD1,GAD1
HumanBreast_Rouzier05_298genes_4classes 	2	48	248	16740	2.8125	0.16673250832754416	1	EEF1A2,TSPAN13
HumanBreast_Wang05_410genes_up_BT-BAF57cells 	2	48	248	16740	2.8125	0.16673250832754416	1	VAT1L,HS6ST2
HumanStomach_Yamashita06_68genes 	1	49	61	16927	5.6630980260956845	0.16684967042925747	1	EEF1A2
HumanOvarian_Schwartz03_81genes 	1	49	61	16927	5.6630980260956845	0.16684967042925747	1	GAD1
HumanBreast_Itoh05_98genes 	1	49	61	16927	5.6630980260956845	0.16684967042925747	1	PCP4
HumanLeukemia_Hernandez09_66genes 	1	49	62	16926	5.571428571428571	0.1693035769124649	1	PPP3CA
HumanBreast_Wirapati08_288genes_ESR1_Module 	2	48	252	16736	2.767195767195767	0.1708984926097994	1	EEF1A2,TSPAN13
HumanThyroid_Forberg05_80genes 	1	49	63	16925	5.482669258179462	0.17175039995726432	1	GAD1
HumanOvarian_Jazaeri05_81genes 	1	49	63	16925	5.482669258179462	0.17175039995726432	1	GUCY1B3
HumanLeukemia_Kiiveri08_100genes_MLLTree 	1	49	63	16925	5.482669258179462	0.17175039995726432	1	VAT1L
HumanUterine_Luo05_83genes_2Hr 	1	49	64	16924	5.396683673469388	0.1741901595919495	1	GUCY1A2
HumanLeukemia_Dufour10_83genes 	1	49	64	16924	5.396683673469388	0.1741901595919495	1	TSPAN13
HumanStemCell_Almstrup04_138genes 	1	49	66	16922	5.232529375386518	0.17904856847337683	1	SLC38A1
HumanTesticular_Almstrup05_138genes 	1	49	66	16922	5.232529375386518	0.17904856847337683	1	SLC38A1
HumanColon_Iizaka02_83genes 	1	49	67	16921	5.15412732257082	0.18146725750573472	1	ELOVL4
HumanBladder_Olsson07_102genes 	1	49	67	16921	5.15412732257082	0.18146725750573472	1	MAL2
HumanHeadandNeck_Roepman05_102genes 	1	49	67	16921	5.15412732257082	0.18146725750573472	1	MAL2
HumanStemCell_Komor05_80genes 	1	49	67	16921	5.15412732257082	0.18146725750573472	1	RGS9
HumanColon_Lacroix05_114genes 	1	49	68	16920	5.078031212484994	0.1838789627039638	1	PCP4
Humanpancreas_Grotzmann04_118genes 	1	49	70	16918	4.932361516034986	0.18868150053209573	1	CNR1
HumanLung_Hsu07_85genes 	1	49	70	16918	4.932361516034986	0.18868150053209573	1	NPTN
HumanColon_Allen08_124genes 	1	49	70	16918	4.932361516034986	0.18868150053209573	1	PPP3CA
HumanPancreas_Nakamura04_84genes 	1	49	70	16918	4.932361516034986	0.18868150053209573	1	PPP3CA
HumanLeukemia_Marina10_94genes 	1	49	70	16918	4.932361516034986	0.18868150053209573	1	TMOD1
HumanBrain_Castells09_83genes 	1	49	70	16918	4.932361516034986	0.18868150053209573	1	TSPAN13
HumanLymphoma_Jaye07_genes 	1	49	71	16917	4.8626041966082205	0.1910723725169193	1	CNR1
HumanProstate_Floryk05_95genes 	1	49	71	16917	4.8626041966082205	0.1910723725169193	1	GAD1
HumanBreast_Pothuri10_87genes 	1	49	72	16916	4.794784580498866	0.1934563393573078	1	TMOD1
HumanViral_Ciccaglione08_102genes 	1	49	73	16915	4.728823036063741	0.19583342057879305	1	MAL2
HumanStomach_Wang10_112genes 	1	49	73	16915	4.728823036063741	0.19583342057879305	1	TAC1
HumanBreast_Creighton07_81genes_ERnegHormoneIndependent_EGFR 	1	49	73	16915	4.728823036063741	0.19583342057879305	1	TSPAN13
HumanLeukemia_Boag07_100genes_pre-BALLvCD34_DN 	1	49	73	16915	4.728823036063741	0.19583342057879305	1	ZNF804A
HumanLeukemia_Chapiro06_156genes 	1	49	75	16913	4.602176870748299	0.20056700407846437	1	FGF13
HumanColon_Qiao09_91genes 	1	49	75	16913	4.602176870748299	0.20056700407846437	1	ZNF804A
HumanLeukemia_Flotho06_85genes 	1	49	76	16912	4.541353383458647	0.20292354516510736	1	CNR1
HumanViral_Pazienza08_88genes 	1	49	76	16912	4.541353383458647	0.20292354516510736	1	SLC38A1
HumanLymphoma_Sagaert10_167genes 	1	49	77	16911	4.482109727007686	0.2052732782386582	1	RGS9
HumanStemCell_Huang08_100genes 	1	49	78	16910	4.424385138670853	0.2076162225834328	1	B4GALT6
HumanColon_SeidenLong06_94genes 	1	49	78	16910	4.424385138670853	0.2076162225834328	1	EEF1A2
HumanColon_Boyer06_116genes 	1	49	80	16908	4.313265306122449	0.2122818218783979	1	HS6ST2
HumanBreast_MorenoBueno06_117genes 	1	49	80	16908	4.313265306122449	0.2122818218783979	1	TSPAN13
HumanLeukemia_Haslinger04_109genes 	1	49	80	16908	4.313265306122449	0.2122818218783979	1	ZNF804A
HumanEmbryonicStemCell_Xu09_100genes 	1	49	81	16907	4.2597631645250695	0.21460451509492315	1	TMOD1
HumanProstate_Chandran05_101genes_Tumor 	1	49	83	16905	4.156626506024097	0.21922978394984888	1	NPTN
HumanLeukemia_Stumpel09_100genes 	1	49	83	16905	4.156626506024097	0.21922978394984888	1	PDE10A
HumanLeukemia_Toren05_133genes 	1	49	85	16903	4.058343337334934	0.22382835578210097	1	B4GALT6
HumanBoneMarrow_Maisel10_105genes 	1	49	90	16898	3.831746031746032	0.23520897457312717	1	TAC1
HumanBreast_Doane06_145genes 	1	49	91	16897	3.7894146669656874	0.23746539466235841	1	EEF1A2
HumanProstate_Pennati04_101genes 	1	49	91	16897	3.7894146669656874	0.23746539466235841	1	TSPAN13
HumanLeukemia_Yeoh02_105genes 	1	49	92	16896	3.748003549245785	0.23971529023193455	1	WASF1
HumanBone_Monroe05_102genes 	1	49	93	16895	3.707482993197279	0.24195867975297222	1	ATP2B1
HumanUterine_Luo05_110genes_12Hr 	1	49	93	16895	3.707482993197279	0.24195867975297222	1	GUCY1A2
HumanImmune_Kong10_135genes_ImmPort_NaturalKillerCellCytotoxicity 	1	49	93	16895	3.707482993197279	0.24195867975297222	1	PPP3CA
HumanBrain_Beier07_117genes 	1	49	94	16894	3.667824576639166	0.2441955816697064	1	LNX1
HumanLeukemia_Chiaretti07_108genes 	1	49	94	16894	3.667824576639166	0.2441955816697064	1	NPTN
HumanBreast_Yau07_145genes 	1	49	97	16891	3.5537555228276876	0.2508675452825826	1	GAD1
HumanImmune_Allen10_162genes 	1	49	97	16891	3.5537555228276876	0.2508675452825826	1	TSPAN13
HumanBone_deNigris08_118genes 	1	49	98	16890	3.517284464806331	0.25307868003979617	1	FGF13
HumanBreast_Fan06_104genes 	1	49	98	16890	3.517284464806331	0.25307868003979617	1	FGF13
HumanLeukemia_Stam09_150genes_Figure4 	1	49	98	16890	3.517284464806331	0.25307868003979617	1	VAT1L
HumanProteinKinases_Frevel03_112genes 	1	49	99	16889	3.48155019583591	0.25528341856311826	1	GAD1
HumanUterine_Santin05_139genes 	1	49	101	16887	3.412204485754698	0.25967377942396164	1	EEF1A2
HumanLung_not_cancer_Harvey06_152genes 	1	49	101	16887	3.412204485754698	0.25967377942396164	1	GAD1
HumanBrain_Dilley05_144genes 	1	49	102	16886	3.378551420568227	0.2618594378400362	1	FGF13
HumanProstate_Chandran07_154genes 	1	49	104	16884	3.3131868131868134	0.26621180055428045	1	FGF13
HumanLeukemia_Haslinger04_126genes 	1	49	107	16881	3.2197215334732023	0.27269322743748037	1	ATP2B1
HumanBreast_Finak08_164genes 	1	49	108	16880	3.1897203325774752	0.27484120962739084	1	MZT1
HumanStemCell_Huang08_120genes 	1	49	108	16880	3.1897203325774752	0.27484120962739084	1	SEH1L
HumanBreast_Mira09_150genes 	1	49	111	16877	3.102960102960103	0.2812479234293733	1	EEF1A2
HumanProstate_Kristiansen05_188genes 	1	49	111	16877	3.102960102960103	0.2812479234293733	1	PENK
HumanBreast_Huang03_164genes_recurrence 	1	49	112	16876	3.075072886297376	0.2833711423747693	1	KCNAB1
HumanLymphoma_Piccaluga07_185genes 	1	49	113	16875	3.047679248690627	0.2854882143284365	1	TSPAN13
HumanBreast_Waddell08_200genes_BRCA1missense 	1	49	116	16872	2.968332160450387	0.2918027223912826	1	GPRIN3
HumanStemCell_Lambert09_185genes 	1	49	117	16871	2.9427873713587998	0.2938953802584371	1	GRIN2A
HumanStemCell_Hao09_173genes 	1	49	117	16871	2.9427873713587998	0.2938953802584371	1	MAL2
HumanBreast_Turashvili07_171genes 	1	49	119	16869	2.892985765734865	0.29806253231261254	1	ATP2B1
HumanLung_Balko06_130genes 	1	49	119	16869	2.892985765734865	0.29806253231261254	1	PDE10A
HumanBreast_Huang07_161genes 	1	49	121	16867	2.8448304941811435	0.3022055804864593	1	SLC38A1
HumanBreast_Parker09_161genes_IntrinsicGenes_RTPCR 	1	49	121	16867	2.8448304941811435	0.3022055804864593	1	TSPAN13
HumanLung_Hou10_187genes 	1	49	122	16866	2.821344931415189	0.3042681083255468	1	LDB2
HumanBrain_Bandres05_182genes 	1	49	122	16866	2.821344931415189	0.3042681083255468	1	TAC1
HumanLung_Dracheva07_162genes 	1	49	125	16863	2.753142857142857	0.31041991078100134	1	LDB2
HumanViral_Cairo08_169genes 	1	49	129	16859	2.6671412751146972	0.31853945484677243	1	RIMS2
HumanMuscle_Stepto09_161genes 	1	49	130	16858	2.646467817896389	0.3205546563730923	1	LDB2
HumanLung_Dauer05_150genes 	1	49	131	16857	2.6261099859791246	0.32256401740895885	1	ATP2B1
HumanLiver_Skawran08_171genes 	1	49	133	16855	2.5863127205769527	0.3265652843776419	1	MZT1
HumanProstate_Wang09_181genes 	1	49	135	16853	2.547694633408919	0.33054338783074727	1	PDE10A
HumanColon_Daoud03_167genes 	1	49	135	16853	2.547694633408919	0.33054338783074727	1	PPP3CA
HumanEsophagus_Kimchi05_213genes 	1	49	136	16852	2.528811524609844	0.3325237943270149	1	PCP4
HumanIntestine_Nishigaki05_159genes 	1	49	136	16852	2.528811524609844	0.3325237943270149	1	RGS9
HumanLymphoma_Chng09_290genes 	1	49	137	16851	2.510204081632653	0.33449845913979837	1	CNR1
HumanBreast_Mira09_356genes 	1	49	140	16848	2.45597667638484	0.34038816648674974	1	EEF1A2
HumanLypmhoma_Leval07_241genes 	1	49	140	16848	2.45597667638484	0.34038816648674974	1	SLC38A1
HumanPancreas_Cavard09_233genes 	1	49	142	16846	2.4210980166714573	0.3442862274739613	1	KCNAB1
HumanBreast_Charafe-Jauffret06_227genes 	1	49	142	16846	2.4210980166714573	0.3442862274739613	1	MAL2
HumanBreast_Naderi07_200genes 	1	49	143	16845	2.40402454688169	0.3462267831707394	1	HS6ST2
HumanBreast_Pothuri10_180genes 	1	49	144	16844	2.38718820861678	0.34816171042217037	1	GAD1
HumanStemCell_Moreno04_205genes 	1	49	146	16842	2.3542074363992174	0.35201474343731487	1	SLC38A1
HumanInVitro_Bild06_206genes 	1	49	148	16840	2.322118036403751	0.35584545397762246	1	HS6ST2
HumanBreast_Lien07_213genes 	1	49	149	16839	2.3063963840569786	0.35775247791512044	1	MAL2
HumanColon_Solmi08_204genes 	1	49	150	16838	2.2908843537414967	0.3596539686745738	1	TSPAN13
HumanThyroid_Fontaine09_220genes 	1	49	155	16833	2.216326530612245	0.3690789738950583	1	VAT1L
HumanBreast_Turashvili07_208genes 	1	49	159	16829	2.160056475420357	0.3765209736277151	1	NPTN
HumanBreast_Mazurek05_187genes 	1	49	160	16828	2.1464285714285714	0.3783679905256621	1	KCNIP1
HumanBladder_Aaboe05_230genes 	1	49	160	16828	2.1464285714285714	0.3783679905256621	1	SLC38A1
HumanLymphoma_Wouters07_223genes 	1	49	161	16827	2.1329699581696033	0.3802096448646707	1	GUCY1B3
HumanBreast_Harvell08_308genes 	1	49	161	16827	2.1329699581696033	0.3802096448646707	1	MAL2
HumanBreast_Mira09_221genes 	1	49	162	16826	2.1196775006298814	0.38204595191485446	1	EEF1A2
HumanHeadandNeck_Bredel06_250genes 	1	49	162	16826	2.1196775006298814	0.38204595191485446	1	VAT1L
HumanBreast_Bonnefoi07_202genes 	1	49	168	16820	2.043245869776482	0.39295234967983983	1	B4GALT6
HumanEmbryonicStemCell_Soh07_224genes_B 	1	49	168	16820	2.043245869776482	0.39295234967983983	1	FGF13
HumanBreast_Harvell_194genes 	1	49	168	16820	2.043245869776482	0.39295234967983983	1	PCP4
HumanColon_Kim04_285genes 	1	49	170	16818	2.018967587034814	0.3965457217772128	1	KCNIP1
HumanLeukemia_Mullighan07_237genes 	1	49	172	16816	1.9952539155196962	0.40011824614758806	1	GUCY1B3
HumanStemCell_Mishra08_289genes 	1	49	172	16816	1.9952539155196962	0.40011824614758806	1	GUCY1B3
HumanProstate_Glinsky04_218genes 	1	49	172	16816	1.9952539155196962	0.40011824614758806	1	PENK
HumanStemCell_Koide10_356genes 	1	49	175	16813	1.9606997084548106	0.4054382022029765	1	TMOD1
HumanHeadandNeck_Bredel06_329genes 	1	49	176	16812	1.949443413729128	0.40720122498441386	1	LDB2
HumanLeukemia_Yagi03_213genes 	1	49	178	16810	1.9273102499426737	0.4107119144568258	1	GAD1
HumanProstate_Chambers09_259genes 	1	49	178	16810	1.9273102499426737	0.4107119144568258	1	SEH1L
HumanBreast_Pothuri10_228genes 	1	49	179	16809	1.9164291414889978	0.4124596102936619	1	GRIN2A
HumanHeadandNeck_Jarvinen06_223genes 	1	49	189	16799	1.8139509772162834	0.4296595472554397	1	SLCO5A1
HumanBreast_Kim04_283genes 	1	49	190	16798	1.804296455424275	0.43135215306310104	1	SFRP5
HumanLeukemia_Schoch05_530genes 	1	49	191	16797	1.7947430281012928	0.4330398358703027	1	FGF14
HumanLymphoma_Piccaluga07_260genes 	1	49	191	16797	1.7947430281012928	0.4330398358703027	1	GUCY1B3
HumanLeukemia_Saito10_259genes 	1	49	196	16792	1.7484381507705122	0.4414048946090426	1	CACNB4
HumanBreast_Turashvili07_326genes 	1	49	196	16792	1.7484381507705122	0.4414048946090426	1	TAC1
HumanBrain_Beier07_320genes 	1	49	201	16787	1.7044369986800691	0.4496489660339582	1	LNX1
HumanColon_Allen08_382genes 	1	49	201	16787	1.7044369986800691	0.4496489660339582	1	PPP3CA
HumanLung_not_cancer_Golpon04_242genes 	1	49	201	16787	1.7044369986800691	0.4496489660339582	1	TMOD1
HumanBreast_Wang08_271genes_Alk5(T204D) 	1	49	202	16786	1.695898161244696	0.4512834131646759	1	B4GALT6
HumanKidney_Zhao06_259genes 	1	49	205	16783	1.6707814833250374	0.4561582653630819	1	LDB2
HumanLeukemia_Kang09_352genes 	1	49	205	16783	1.6707814833250374	0.4561582653630819	1	WASF1
HumanBreast_Williams09_302genes 	1	49	206	16782	1.6625718248464434	0.4577737648147352	1	FGF13
HumanOvarian_Bonome08_263genes 	1	49	207	16781	1.6544414867396233	0.45938456108498005	1	WASF1
HumanColon_Allen08_357genes 	1	49	211	16777	1.622690782474127	0.46578098184890143	1	PPP3CA
HumanBreast_Loi10_278genes 	1	49	212	16776	1.614940315748941	0.46736846260006804	1	GAD1
HumanBreast_Rodningen08_355genes_risk 	1	49	219	16769	1.5626689031777095	0.4783521122400122	1	GRIN2A
HumanBreast_Yu07_400genes 	1	49	221	16767	1.5483424138886324	0.481449317137417	1	RIMS2
HumanInVitro_Bild06_348genes 	1	49	223	16765	1.5342729019859065	0.48452849850089785	1	ATP2B1
HumanBreast_Bergamaschi08_278genes 	1	49	224	16764	1.527332361516035	0.48606136247501935	1	COL25A1
HumanBreast_Horlings10_271genes 	1	49	230	16758	1.4869565217391305	0.4951651762533227	1	KCNAB1
HumanLeukemia_Chiaretti04_314genes 	1	49	236	16752	1.4486336907644413	0.5041108959326117	1	WASF1
HumanColon_Grade06_351genes 	1	49	238	16750	1.4362888012347796	0.5070581367527718	1	MZT1
HumanLung_Ma08_378genes 	1	49	240	16748	1.4241496598639456	0.5099882094257719	1	CHIC1
HumanBone_Heller08_324genes 	1	49	240	16748	1.4241496598639456	0.5099882094257719	1	WASF1
HumanBrain_Lu06_285genes 	1	49	247	16741	1.3832107741882178	0.5201096738529969	1	FGF13
HumanBreast_Turner10_324genes 	1	49	252	16736	1.355361192095886	0.5272135620151556	1	NPTN
HumanBladder_Osman06_346genes_BladderVsTesticularVsKidney 	1	49	258	16730	1.3233665559246954	0.5356022819712178	1	B4GALT6
HumanBladder_Osman06_346genes_CancerVsControl 	1	49	258	16730	1.3233665559246954	0.5356022819712178	1	B4GALT6
HumanColon_Dessein10_211genes 	1	49	267	16721	1.2780707788733472	0.5479125458346139	1	HS6ST2
HumanBladder_Aaboe05_86genes 	0	50	67	16921	0.0	1.0	1	
HumanBladder_Buytaert08_41genes 	0	50	33	16955	0.0	1.0	1	
HumanBladder_Buytaert08_47genes 	0	50	43	16945	0.0	1.0	1	
HumanBladder_Dyrskjot05_200genes 	0	50	145	16843	0.0	1.0	1	
HumanBladder_Dyrskjot05_45genes 	0	50	36	16952	0.0	1.0	1	
HumanBladder_Ewis06_38genes 	0	50	26	16962	0.0	1.0	1	
HumanBladder_Ewis06_44genes 	0	50	27	16961	0.0	1.0	1	
HumanBladder_Liang02_33genes 	0	50	24	16964	0.0	1.0	1	
HumanBladder_Liang02_61genes 	0	50	41	16947	0.0	1.0	1	
HumanBladder_Takata05_50genes 	0	50	43	16945	0.0	1.0	1	
HumanBladder_Titus05_40genes 	0	50	27	16961	0.0	1.0	1	
HumanBladder_Tsunoda05_62genes 	0	50	47	16941	0.0	1.0	1	
HumanBone 	0	50	42	16946	0.0	1.0	1	
HumanBone_Heller08_284genes 	0	50	202	16786	0.0	1.0	1	
HumanBone_Man05_45genes 	0	50	38	16950	0.0	1.0	1	
HumanBoneMarrow_Croonquist03_39genes 	0	50	30	16958	0.0	1.0	1	
HumanBoneMarrow_Croonquist03_49genes 	0	50	43	16945	0.0	1.0	1	
HumanBoneMarrow_Croonquist03_50genes_IL6Stravation 	0	50	28	16960	0.0	1.0	1	
HumanBoneMarrow_Croonquist03_50genes_NrasIL6 	0	50	37	16951	0.0	1.0	1	
HumanBoneMarrow_Croonquist03_50genes_StromaIL6 	0	50	43	16945	0.0	1.0	1	
HumanBoneMarrow_Hofmann02_30genes 	0	50	22	16966	0.0	1.0	1	
HumanBoneMarrow_Hofmann02_47genes 	0	50	37	16951	0.0	1.0	1	
HumanBoneMarrow_Hofmann02_52genes 	0	50	45	16943	0.0	1.0	1	
HumanBoneMarrow_HuLieskovan05_107genes 	0	50	82	16906	0.0	1.0	1	
HumanBoneMarrow_Jeong04_47genes 	0	50	43	16945	0.0	1.0	1	
HumanBoneMarrow_Jeong04_50genes 	0	50	45	16943	0.0	1.0	1	
HumanBoneMarrow_Magrangeas03_20genes 	0	50	59	16929	0.0	1.0	1	
HumanBoneMarrow_Magrangeas03_60genes 	0	50	40	16948	0.0	1.0	1	
HumanBoneMarrow_Mahtouk07_41genes 	0	50	30	16958	0.0	1.0	1	
HumanBoneMarrow_Xiong08_86genes 	0	50	71	16917	0.0	1.0	1	
HumanBoneMarrow_Zhan02_30genes 	0	50	29	16959	0.0	1.0	1	
HumanBoneMarrow_Zhan02_45genes 	0	50	38	16950	0.0	1.0	1	
HumanBoneMarrow_Zhan02_69genes 	0	50	59	16929	0.0	1.0	1	
HumanBoneMarrow_Zhan07_52genes 	0	50	43	16945	0.0	1.0	1	
HumanBone_Monroe05_42genes 	0	50	36	16952	0.0	1.0	1	
HumanBone_Prieur04_86genes 	0	50	77	16911	0.0	1.0	1	
HumanBone_Shammas04_51genes 	0	50	28	16960	0.0	1.0	1	
HumanBrain_Bandres05_42genes 	0	50	30	16958	0.0	1.0	1	
HumanBrain_Bandres05_50genes 	0	50	36	16952	0.0	1.0	1	
HumanBrain_Beier07_32genes 	0	50	28	16960	0.0	1.0	1	
HumanBrain_Berdasco09_154genes 	0	50	92	16896	0.0	1.0	1	
HumanBrain_Bray09_298genes 	0	50	0	16988	nan	1.0	1	
HumanBrain_Castells09_50genes 	0	50	46	16942	0.0	1.0	1	
HumanBrain_Chen-Plotkin08_40genes_FTLD-U 	0	50	32	16956	0.0	1.0	1	
HumanBrain_Chute06_63genes 	0	50	51	16937	0.0	1.0	1	
HumanBrain_Coco05_32genes 	0	50	28	16960	0.0	1.0	1	
HumanBrain_DePreter10_42genes 	0	50	41	16947	0.0	1.0	1	
HumanBrain_DiarraMehrpour04_33genes 	0	50	29	16959	0.0	1.0	1	
HumanBrain_Dilley05_46genes 	0	50	39	16949	0.0	1.0	1	
HumanBrain_Foltz06_95genes 	0	50	49	16939	0.0	1.0	1	
HumanBrain_Godard03_239genes 	0	50	215	16773	0.0	1.0	1	
HumanBrain_Godard03_34genes 	0	50	31	16957	0.0	1.0	1	
HumanBrain_Godard03_36genes 	0	50	34	16954	0.0	1.0	1	
HumanBrain_Hoelzinger05_100genes 	0	50	74	16914	0.0	1.0	1	
HumanBrain_Hoelzinger05_53genes 	0	50	40	16948	0.0	1.0	1	
HumanBrain_Jrgensen05_59genes 	0	50	43	16945	0.0	1.0	1	
HumanBrain_Krasnoselsky05_61genes 	0	50	40	16948	0.0	1.0	1	
HumanBrain_Lastowska07_256genes 	0	50	163	16825	0.0	1.0	1	
HumanBrain_Lastowska07_49genes 	0	50	44	16944	0.0	1.0	1	
HumanBrain_Lastowska07_61genes 	0	50	38	16950	0.0	1.0	1	
HumanBrain_Li09_54genes 	0	50	46	16942	0.0	1.0	1	
HumanBrain_Misawa05_103genes 	0	50	51	16937	0.0	1.0	1	
HumanBrain_Molenaar08_60genes 	0	50	39	16949	0.0	1.0	1	
HumanBrain_Molenaar08_69genes 	0	50	59	16929	0.0	1.0	1	
HumanBrain_Natsume05_54genes 	0	50	28	16960	0.0	1.0	1	
HumanBrain_Neben04_54genes 	0	50	49	16939	0.0	1.0	1	
HumanBrain_Potter09_64genes 	0	50	55	16933	0.0	1.0	1	
HumanBrain_Rickman01_50genes 	0	50	43	16945	0.0	1.0	1	
HumanBrain_Ruano08_50genes 	0	50	42	16946	0.0	1.0	1	
HumanBrain_Tchoghandjian09_153genes 	0	50	115	16873	0.0	1.0	1	
HumanBrain_Terragni08_83genes 	0	50	58	16930	0.0	1.0	1	
HumanBrain_Tso06_58genes 	0	50	49	16939	0.0	1.0	1	
HumanBrain_Wang06_79genes 	0	50	44	16944	0.0	1.0	1	
HumanBrain_Watson02_60genes 	0	50	50	16938	0.0	1.0	1	
HumanBreast_Aar?e10_112genes 	0	50	34	16954	0.0	1.0	1	
HumanBreast_Abba04_50genes_Norm_v_DCIS 	0	50	45	16943	0.0	1.0	1	
HumanBreast_Abba04_52genes_DCIS_v_IDC 	0	50	48	16940	0.0	1.0	1	
HumanBreast_Adler06_39genes 	0	50	35	16953	0.0	1.0	1	
HumanBreast_Agthoven10_251genes 	0	50	185	16803	0.0	1.0	1	
HumanBreast_Amatschek04_39genes 	0	50	36	16952	0.0	1.0	1	
HumanBreast_Amin06_82genes_StromaInteractions 	0	50	65	16923	0.0	1.0	1	
HumanBreast_Andre09_71genes 	0	50	52	16936	0.0	1.0	1	
HumanBreast_Ayers04_74genes_Response 	0	50	32	16956	0.0	1.0	1	
HumanBreast_Bae04_202genes_BRCA1_up 	0	50	168	16820	0.0	1.0	1	
HumanBreast_Bae04_98genes_BRCA1_down 	0	50	81	16907	0.0	1.0	1	
HumanBreast_Barry10_205genes 	0	50	147	16841	0.0	1.0	1	
HumanBreast_Barry10_52genes 	0	50	44	16944	0.0	1.0	1	
HumanBreast_BernardPierrot_74genes 	0	50	54	16934	0.0	1.0	1	
HumanBreast_Bertucci08_75genes 	0	50	62	16926	0.0	1.0	1	
HumanBreast_Bieche04_47genes 	0	50	38	16950	0.0	1.0	1	
HumanBreast_Bienkowska09_103genes 	0	50	67	16921	0.0	1.0	1	
HumanBreast_Blick10_55genes_BasalBvsBasalAorLuminal 	0	50	48	16940	0.0	1.0	1	
HumanBreast_Blick10_57genes_CD24_BasalB 	0	50	46	16942	0.0	1.0	1	
HumanBreast_Blick10_69genes_EMT_up 	0	50	61	16927	0.0	1.0	1	
HumanBreast_Buffa10_51genes_Hypoxia 	0	50	41	16947	0.0	1.0	1	
HumanBreast_Cappelletti08_53genes 	0	50	35	16953	0.0	1.0	1	
HumanBreast_Carter06_70genes 	0	50	42	16946	0.0	1.0	1	
HumanBreast_Chalabi06_57genes 	0	50	42	16946	0.0	1.0	1	
HumanBreast_Chang03_92genes 	0	50	84	16904	0.0	1.0	1	
HumanBreast_Chanrion08_80genes 	0	50	31	16957	0.0	1.0	1	
HumanBreast_Charafe-Jauffret09_42genes 	0	50	37	16951	0.0	1.0	1	
HumanBreast_Chen06_36genes 	0	50	34	16954	0.0	1.0	1	
HumanBreast_Chen09_30genes 	0	50	21	16967	0.0	1.0	1	
HumanBreast_Chen09_37genes 	0	50	20	16968	0.0	1.0	1	
HumanBreast_Chi06_123genes 	0	50	102	16886	0.0	1.0	1	
HumanBreast_Cicatiello04_51genes_ER 	0	50	35	16953	0.0	1.0	1	
HumanBreast_Cicatiello04_52genes 	0	50	50	16938	0.0	1.0	1	
HumanBreast_Cicatiello04_78genes_ER 	0	50	54	16934	0.0	1.0	1	
HumanBreast_Crawford08_187genes 	0	50	117	16871	0.0	1.0	1	
HumanBreast_Creighton07_34genes_RADinsensitive 	0	50	31	16957	0.0	1.0	1	
HumanBreast_Creighton07_51genes_ERnegHormoneIndependent_up 	0	50	46	16942	0.0	1.0	1	
HumanBreast_Creighton08_952genes 	0	50	125	16863	0.0	1.0	1	
HumanBreast_Creighton09_90genes 	0	50	71	16917	0.0	1.0	1	
HumanBreast_Creighton09_92genes 	0	50	59	16929	0.0	1.0	1	
HumanBreast_Dai05_50genes 	0	50	35	16953	0.0	1.0	1	
HumanBreast_Dairkee04_202genes 	0	50	131	16857	0.0	1.0	1	
HumanBreast_Deeb07_61genesHumanGeneListHumanGeneList 	0	50	50	16938	0.0	1.0	1	
HumanBreast_Desmedt08_229genes_AURKA_Module 	0	50	195	16793	0.0	1.0	1	
HumanBreast_Desmedt08_68genes_PLAU_Module 	0	50	64	16924	0.0	1.0	1	
HumanBreast_Desmedt08_95genes_STAT1_Module 	0	50	78	16910	0.0	1.0	1	
HumanBreast_Doane06_138genes 	0	50	83	16905	0.0	1.0	1	
HumanBreast_Doane06_57genes 	0	50	38	16950	0.0	1.0	1	
HumanBreast_Einav05_34genes 	0	50	30	16958	0.0	1.0	1	
HumanBreast_Fan06_82genes 	0	50	76	16912	0.0	1.0	1	
HumanBreast_Farmer05_269genes__basal_apocrine_luminal 	0	50	238	16750	0.0	1.0	1	
HumanBreast_Feng07_58genesDownRegulated 	0	50	48	16940	0.0	1.0	1	
HumanBreast_Fournier06_60genes_2D_versus_3D_cellCulture 	0	50	52	16936	0.0	1.0	1	
HumanBreast_Graham05_133genes 	0	50	102	16886	0.0	1.0	1	
HumanBreast_Graham05_82genes 	0	50	70	16918	0.0	1.0	1	
HumanBreast_Gyoerffy05_70genes 	0	50	37	16951	0.0	1.0	1	
HumanBreast_Gyoerffy05_79genes 	0	50	33	16955	0.0	1.0	1	
HumanBreast_Habermann09_38genes 	0	50	28	16960	0.0	1.0	1	
HumanBreast_HaibeKains10_229genes_GENIUS_ERposHER2neg 	0	50	195	16793	0.0	1.0	1	
HumanBreast_HaibeKains10_63genes_GENIUS_ERnegHER2neg 	0	50	47	16941	0.0	1.0	1	
HumanBreast_Hall06_276genes_HRT 	0	50	209	16779	0.0	1.0	1	
HumanBreast_Hannemann05_80genes 	0	50	38	16950	0.0	1.0	1	
HumanBreast_Hannemann06_43genes_DCIS_differentiation 	0	50	30	16958	0.0	1.0	1	
HumanBreast_Hannemann06_78genes_DCIS 	0	50	53	16935	0.0	1.0	1	
HumanBreast_Hannemann06_80genes_DCIS 	0	50	51	16937	0.0	1.0	1	
HumanBreast_Harvell08_183genes 	0	50	120	16868	0.0	1.0	1	
HumanBreast_Harvell08_298genes 	0	50	164	16824	0.0	1.0	1	
HumanBreast_Harvell_68genes 	0	50	45	16943	0.0	1.0	1	
HumanBreast_Harvell_87genes 	0	50	66	16922	0.0	1.0	1	
HumanBreast_Harvell_99genes 	0	50	83	16905	0.0	1.0	1	
HumanBreast_Hedenfalk01_176genes_BRCA 	0	50	137	16851	0.0	1.0	1	
HumanBreast_Hedenfalk01_51genes_BRCA 	0	50	39	16949	0.0	1.0	1	
HumanBreast_Hendricks04_64genes_BRG1_down 	0	50	39	16949	0.0	1.0	1	
HumanBreast_Hendricks04_71genes_BRG1_up 	0	50	47	16941	0.0	1.0	1	
HumanBreast_Hernandez09_81genes 	0	50	55	16933	0.0	1.0	1	
HumanBreast_HernandezVargas07_313genes 	0	50	210	16778	0.0	1.0	1	
HumanBreast_Horlings10_183genes 	0	50	150	16838	0.0	1.0	1	
HumanBreast_Hu06_326genes 	0	50	201	16787	0.0	1.0	1	
HumanBreast_Huang03_176genes_LNmetastasis 	0	50	135	16853	0.0	1.0	1	
HumanBreast_Huper07_66genes_BasalCells 	0	50	39	16949	0.0	1.0	1	
HumanBreast_Itoh05_92genes 	0	50	59	16929	0.0	1.0	1	
HumanBreast_Jansen05_81genes 	0	50	42	16946	0.0	1.0	1	
HumanBreast_Jazaeri02_1430DownRegulated 	0	50	45	16943	0.0	1.0	1	
HumanBreast_Jazaeri02_1872UpRegulated 	0	50	53	16935	0.0	1.0	1	
HumanBreast_Jones04_50genes_myoepithelial 	0	50	26	16962	0.0	1.0	1	
HumanBreast_Karlsson08_31genes 	0	50	23	16965	0.0	1.0	1	
HumanBreast_Karlsson08_46genes 	0	50	37	16951	0.0	1.0	1	
HumanBreast_Kenny07_96genes_2Dv3Dcultures 	0	50	48	16940	0.0	1.0	1	
HumanBreast_Kim04_273genes 	0	50	173	16815	0.0	1.0	1	
HumanBreast_Kim06_33genes_DownRegulated 	0	50	30	16958	0.0	1.0	1	
HumanBreast_Kim06_33genes_UpRegulated 	0	50	26	16962	0.0	1.0	1	
HumanBreast_Korkola07_182genes-PAMGeneList 	0	50	101	16887	0.0	1.0	1	
HumanBreast_Korkola07_52genes-CorrelationGenes 	0	50	37	16951	0.0	1.0	1	
HumanBreast_Korkola07_63genes-SAMGeneList 	0	50	38	16950	0.0	1.0	1	
HumanBreast_Kote-Jarai04_79genes 	0	50	53	16935	0.0	1.0	1	
HumanBreast_Kote-Jarai06_200genes_BCRA1vBRCA2 	0	50	125	16863	0.0	1.0	1	
HumanBreast_Kote-Jarai06_200genes_BCRA2 	0	50	162	16826	0.0	1.0	1	
HumanBreast_Kote-Jarai06_200genes_BRCA1 	0	50	121	16867	0.0	1.0	1	
HumanBreast_Laere08_205genes 	0	50	168	16820	0.0	1.0	1	
HumanBreast_Laere08_263genes 	0	50	177	16811	0.0	1.0	1	
HumanBreast_Larsson07_188genes 	0	50	112	16876	0.0	1.0	1	
HumanBreast_Larsson07_47genes 	0	50	40	16948	0.0	1.0	1	
HumanBreast_Larsson07_71genes 	0	50	65	16923	0.0	1.0	1	
HumanBreast_Larsson07_76genes 	0	50	44	16944	0.0	1.0	1	
HumanBreast_Lee06_71genes_up_VitD3 	0	50	56	16932	0.0	1.0	1	
HumanBreast_Lee10_184genes 	0	50	154	16834	0.0	1.0	1	
HumanBreast_Lee10_52genes 	0	50	46	16942	0.0	1.0	1	
HumanBreast_Li06_60genes 	0	50	52	16936	0.0	1.0	1	
HumanBreast_Lin07_38genes 	0	50	26	16962	0.0	1.0	1	
HumanBreast_Lin09_128genes 	0	50	67	16921	0.0	1.0	1	
HumanBreast_Liu07_186genes 	0	50	164	16824	0.0	1.0	1	
HumanBreast_Loi08_239genes 	0	50	147	16841	0.0	1.0	1	
HumanBreast_Lombaerts06_43genes_TGBFb 	0	50	38	16950	0.0	1.0	1	
HumanBreast_Ma02_200genes_grade 	0	50	150	16838	0.0	1.0	1	
HumanBreast_Ma02_85genes_IDCvDCIS_up 	0	50	66	16922	0.0	1.0	1	
HumanBreast_Mackay03_61genes 	0	50	51	16937	0.0	1.0	1	
HumanBreast_Martens05_117genes 	0	50	101	16887	0.0	1.0	1	
HumanBreast_Martin09_30genes 	0	50	23	16965	0.0	1.0	1	
HumanBreast_Martin09_46genes 	0	50	39	16949	0.0	1.0	1	
HumanBreast_Miller07_36genes 	0	50	28	16960	0.0	1.0	1	
HumanBreast_Miller07_52genes 	0	50	44	16944	0.0	1.0	1	
HumanBreast_Miller07_56genes 	0	50	39	16949	0.0	1.0	1	
HumanBreast_Muggerud06_232genes 	0	50	152	16836	0.0	1.0	1	
HumanBreast_Muggerud06_271genes 	0	50	221	16767	0.0	1.0	1	
HumanBreast_Nagai04_46genes_ERpos 	0	50	39	16949	0.0	1.0	1	
HumanBreast_Nagai04_52genes_ERneg 	0	50	44	16944	0.0	1.0	1	
HumanBreast_Nam08_30genes_UpregulatedGeneList 	0	50	27	16961	0.0	1.0	1	
HumanBreast_Nuyten06_123genes_hypoxia 	0	50	92	16896	0.0	1.0	1	
HumanBreast_Nuyten06_70genes_hypoxia 	0	50	50	16938	0.0	1.0	1	
HumanBreast_O'Brien07_Top100GoodPrognosisGenes 	0	50	73	16915	0.0	1.0	1	
HumanBreast_Oh02_170genes 	0	50	121	16867	0.0	1.0	1	
HumanBreast_Parker09_306genes_IntrinsicGenes_HuShort 	0	50	222	16766	0.0	1.0	1	
HumanBreast_Parker09_50genes_IntrinsicGenes_PAM50 	0	50	40	16948	0.0	1.0	1	
HumanBreast_Pawitan05_64genes_prognosisGenes 	0	50	38	16950	0.0	1.0	1	
HumanBreast_Perreard06_53genes_RT-PCR_Molecular_Subtype_Intrisinc_Genes 	0	50	44	16944	0.0	1.0	1	
HumanBreast_Pusztai07_49genes 	0	50	39	16949	0.0	1.0	1	
HumanBreast_Reyal08_159genes 	0	50	118	16870	0.0	1.0	1	
HumanBreast_Reyal08_41genes 	0	50	39	16949	0.0	1.0	1	
HumanBreast_Reyal08_72genes 	0	50	40	16948	0.0	1.0	1	
HumanBreast_Rizki08_204genes 	0	50	171	16817	0.0	1.0	1	
HumanBreast_Rodningen08_61genes 	0	50	49	16939	0.0	1.0	1	
HumanBreast_Roll08_64genes 	0	50	47	16941	0.0	1.0	1	
HumanBreast_Rozenchan09_79genes 	0	50	63	16925	0.0	1.0	1	
HumanBreast_Rozenchan09_81genes 	0	50	54	16934	0.0	1.0	1	
HumanBreast_Rozenchan09_90genes 	0	50	72	16916	0.0	1.0	1	
HumanBreast_Rozenchan09_98genes 	0	50	59	16929	0.0	1.0	1	
HumanBreast_Russo08_229genes 	0	50	147	16841	0.0	1.0	1	
HumanBreast_Saal07_174genes 	0	50	163	16825	0.0	1.0	1	
HumanBreast_Schuetz06_101genes 	0	50	66	16922	0.0	1.0	1	
HumanBreast_Scibetta05_53genes_ad5_down 	0	50	36	16952	0.0	1.0	1	
HumanBreast_Scibetta05_80genes_ad5_up 	0	50	54	16934	0.0	1.0	1	
HumanBreast_Shen04_45genes_UpRegulated 	0	50	35	16953	0.0	1.0	1	
HumanBreast_Shivapurkar08_43genes 	0	50	38	16950	0.0	1.0	1	
HumanBreast_Singer08_39genes 	0	50	31	16957	0.0	1.0	1	
HumanBreast_Smid06_87genes_BoneMets 	0	50	58	16930	0.0	1.0	1	
HumanBreast_Song06_62genes 	0	50	44	16944	0.0	1.0	1	
HumanBreast_Sorlie06_54genes_Luminal_v_Basal 	0	50	43	16945	0.0	1.0	1	
HumanBreast_Sotiriou03_137genes_Grade 	0	50	95	16893	0.0	1.0	1	
HumanBreast_Sotiriou06_128genes 	0	50	82	16906	0.0	1.0	1	
HumanBreast_Sotiriou06_242genes 	0	50	160	16828	0.0	1.0	1	
HumanBreast_Speers09_52genes_IDKinasesOverExpressed 	0	50	46	16942	0.0	1.0	1	
HumanBreast_Speers09_52genes_OverExpressedNegativeCancer 	0	50	47	16941	0.0	1.0	1	
HumanBreast_Takahashi08_33genes_TP53 	0	50	24	16964	0.0	1.0	1	
HumanBreast_Taube10_160genes_EMTsignature_down 	0	50	105	16883	0.0	1.0	1	
HumanBreast_Taube10_91genes_EMTsignature_up 	0	50	80	16908	0.0	1.0	1	
HumanBreast_Teschendorff06_52genes_Erpos 	0	50	30	16958	0.0	1.0	1	
HumanBreast_Teschendorff07_193genes_Erpos 	0	50	153	16835	0.0	1.0	1	
HumanBreast_Thorner09_217genes 	0	50	139	16849	0.0	1.0	1	
HumanBreast_Troester06_120genes-down-DOX-ZR75-1 	0	50	78	16910	0.0	1.0	1	
HumanBreast_Troester06_134genes_up_DoxTreated-HME-CC 	0	50	96	16892	0.0	1.0	1	
HumanBreast_Troester06_162genes_down_DOX-ME16C 	0	50	109	16879	0.0	1.0	1	
HumanBreast_Troester06_364genes_up_DOX-MCF7 	0	50	242	16746	0.0	1.0	1	
HumanBreast_Troester06_52genes_ProbeID 	0	50	30	16958	0.0	1.0	1	
HumanBreast_Troester06_64genes_sham-ME16C 	0	50	45	16943	0.0	1.0	1	
HumanBreast_Troester06_81genes_up_sham_HME-CC 	0	50	56	16932	0.0	1.0	1	
HumanBreast_Turashvili07_201genes 	0	50	149	16839	0.0	1.0	1	
HumanBreast_Turashvili07_82genes 	0	50	66	16922	0.0	1.0	1	
HumanBreast_Turner10_40genes_DownRegulated 	0	50	28	16960	0.0	1.0	1	
HumanBreast_Turner10_40genes_OverExpressed 	0	50	37	16951	0.0	1.0	1	
HumanBreast_van 	0	50	94	16894	0.0	1.0	1	
HumanBreast_VandenEynden07_269genes-hypoxia_angiogenesis 	0	50	231	16757	0.0	1.0	1	
HumanBreast_van'tVeer02_231genes_PoorPrognosisSignature 	0	50	160	16828	0.0	1.0	1	
HumanBreast_van'tVeer02_70genes_Mammaprint 	0	50	48	16940	0.0	1.0	1	
HumanBreast_Venables08_41genes 	0	50	30	16958	0.0	1.0	1	
HumanBreast_Waddell08_200genes_BRCA1trunc 	0	50	111	16877	0.0	1.0	1	
HumanBreast_Waddell08_200genes_BRCA2missense 	0	50	137	16851	0.0	1.0	1	
HumanBreast_Wang04_36genes 	0	50	24	16964	0.0	1.0	1	
HumanBreast_Wang05_36genes 	0	50	30	16958	0.0	1.0	1	
HumanBreast_Weisz04_66genes_ERposERneg 	0	50	52	16936	0.0	1.0	1	
HumanBreast_West01_100genes 	0	50	67	16921	0.0	1.0	1	
HumanBreast_Wilson05_76genes_her2 	0	50	57	16931	0.0	1.0	1	
HumanBreast_Winter07_126genes 	0	50	80	16908	0.0	1.0	1	
HumanBreast_Winter07_67genes 	0	50	46	16942	0.0	1.0	1	
HumanBreast_Woelfle05_38genes 	0	50	31	16957	0.0	1.0	1	
HumanBreast_Wood10_302genes 	0	50	209	16779	0.0	1.0	1	
HumanBreast_Wood10_71genes_CellCyle 	0	50	49	16939	0.0	1.0	1	
HumanBreast_Wood10_71genes_FoldChange&gt;2 	0	50	49	16939	0.0	1.0	1	
HumanBreast_Xu05_52genes_upE2_control 	0	50	31	16957	0.0	1.0	1	
HumanBreast_Xu05_74genes_upE2 	0	50	43	16945	0.0	1.0	1	
HumanBreast_Xu08_112genes 	0	50	90	16898	0.0	1.0	1	
HumanBreast_Yan08_52genes 	0	50	24	16964	0.0	1.0	1	
HumanBreast_Yang05_39genes 	0	50	34	16954	0.0	1.0	1	
HumanBreast_Yang08_47genes 	0	50	27	16961	0.0	1.0	1	
HumanBreast_Yang10_112genes 	0	50	88	16900	0.0	1.0	1	
HumanBreast_Yang10_36genes 	0	50	32	16956	0.0	1.0	1	
HumanBreast_Yau07_103genes 	0	50	68	16920	0.0	1.0	1	
HumanBreast_Yau08_75genes_Ox-E/ERsignature 	0	50	52	16936	0.0	1.0	1	
HumanBreast_Yoshihara10_88genes 	0	50	67	16921	0.0	1.0	1	
HumanBreast_Yu07_298genes 	0	50	198	16790	0.0	1.0	1	
HumanBreast_Yu08_73genes_W2GeneList_outcome 	0	50	56	16932	0.0	1.0	1	
HumanBreast_Zhang07_60genes 	0	50	51	16937	0.0	1.0	1	
HumanBreast_Zhang09_81genes 	0	50	68	16920	0.0	1.0	1	
HumanBreast_Zhao04_58genes 	0	50	43	16945	0.0	1.0	1	
HumanBreast_Zucchi04_50genes_down-regulated_INV_MET 	0	50	34	16954	0.0	1.0	1	
HumanBreast_Zucchi04_50genesup-up-regulated_INV_MET 	0	50	37	16951	0.0	1.0	1	
HumanCardiacCells_Haag09_36genes 	0	50	30	16958	0.0	1.0	1	
HumanCardiacCells_Haag09_64genes 	0	50	57	16931	0.0	1.0	1	
HumanCervical_Lau07_60genes 	0	50	58	16930	0.0	1.0	1	
HumanCervical_Rosty05_51genes 	0	50	35	16953	0.0	1.0	1	
HumanColon_Ancona06_45genes 	0	50	39	16949	0.0	1.0	1	
HumanColon_Ancona06_47genes 	0	50	40	16948	0.0	1.0	1	
HumanColon_Arango04_254genes 	0	50	166	16822	0.0	1.0	1	
HumanColon_Barrier05_47genes 	0	50	32	16956	0.0	1.0	1	
HumanColon_Barrier05_70genes 	0	50	50	16938	0.0	1.0	1	
HumanColon_Barrier07_46genes 	0	50	37	16951	0.0	1.0	1	
HumanColon_Ben-Dor00_93genes 	0	50	76	16912	0.0	1.0	1	
HumanColon_Bertucci04_244genes 	0	50	191	16797	0.0	1.0	1	
HumanColon_Bertucci04_245genes 	0	50	191	16797	0.0	1.0	1	
HumanColon_Craene05_185genes 	0	50	114	16874	0.0	1.0	1	
HumanColon_Craene05_85genes 	0	50	67	16921	0.0	1.0	1	
HumanColon_Daemen09_64genes 	0	50	42	16946	0.0	1.0	1	
HumanColon_Deacu04_101genes 	0	50	91	16897	0.0	1.0	1	
HumanColon_Deacu04_39genes 	0	50	35	16953	0.0	1.0	1	
HumanColon_diPietro05_100genes 	0	50	79	16909	0.0	1.0	1	
HumanColon_diPietro05_54genes 	0	50	47	16941	0.0	1.0	1	
HumanColon_Fritzmann09_123genes 	0	50	110	16878	0.0	1.0	1	
HumanColon_Garman08_50genes 	0	50	41	16947	0.0	1.0	1	
HumanColon_Glebov03_87genes 	0	50	34	16954	0.0	1.0	1	
HumanColon_Grade06_58genes 	0	50	43	16945	0.0	1.0	1	
HumanColon_Grade07_101genes 	0	50	52	16936	0.0	1.0	1	
HumanColon_Grade07_74genes 	0	50	53	16935	0.0	1.0	1	
HumanColon_Hellebrekers07_81genes 	0	50	76	16912	0.0	1.0	1	
HumanColon_Iizaka02_162genes 	0	50	120	16868	0.0	1.0	1	
HumanColon_Iizaka02_47genes 	0	50	35	16953	0.0	1.0	1	
HumanColon_Iizaka02_68genes 	0	50	51	16937	0.0	1.0	1	
HumanColon_Iizaka02_72genes 	0	50	47	16941	0.0	1.0	1	
HumanColon_Iizaka02_81genes 	0	50	66	16922	0.0	1.0	1	
HumanColon_Kim04_235genes 	0	50	106	16882	0.0	1.0	1	
HumanColon_Kim04_39genes 	0	50	22	16966	0.0	1.0	1	
HumanColon_Kim07_95genes 	0	50	75	16913	0.0	1.0	1	
HumanColon_Lacroix05_61genes 	0	50	39	16949	0.0	1.0	1	
HumanColon_Lin01_84genes 	0	50	71	16917	0.0	1.0	1	
HumanColon_Mariadason03_308genes 	0	50	201	16787	0.0	1.0	1	
HumanColon_McLoughlin04_40genes 	0	50	29	16959	0.0	1.0	1	
HumanColon_Salahshor05_37genes 	0	50	33	16955	0.0	1.0	1	
HumanColon_Salahshor05_47genes 	0	50	39	16949	0.0	1.0	1	
HumanColon_Scian08_31genes_CellCyle 	0	50	27	16961	0.0	1.0	1	
HumanColon_Scian08_31genes_p53DownRegulatedp73UpRegulated 	0	50	29	16959	0.0	1.0	1	
HumanColon_Smith09_34genes 	0	50	26	16962	0.0	1.0	1	
HumanColon_Solmi08_36genes 	0	50	29	16959	0.0	1.0	1	
HumanColon_Solmi08_82genes 	0	50	64	16924	0.0	1.0	1	
HumanColon_Solmi08_94genes_ETreatment 	0	50	70	16918	0.0	1.0	1	
HumanColon_Solmi08_94genes_GbTreatment 	0	50	68	16920	0.0	1.0	1	
HumanColon_VanErk04_36genes 	0	50	28	16960	0.0	1.0	1	
HumanColon_Watanabe06_214genes 	0	50	183	16805	0.0	1.0	1	
HumanColon_Yokoe08_38genes 	0	50	30	16958	0.0	1.0	1	
HumanDendriticCells_Emmons08_37genes 	0	50	31	16957	0.0	1.0	1	
HumanEmbryo_Heim07_327genes 	0	50	253	16735	0.0	1.0	1	
HumanEmbryo_Heim07_40genes_PValueRank 	0	50	31	16957	0.0	1.0	1	
HumanEmbryonicStemCell_Thomas08_113genes 	0	50	107	16881	0.0	1.0	1	
HumanEmbryonicStemCell_Xu09_36genes 	0	50	30	16958	0.0	1.0	1	
HumanEmbryonicStemCell_Xu09_63genes 	0	50	54	16934	0.0	1.0	1	
HumanEndometrial_Altmae09_115genes 	0	50	30	16958	0.0	1.0	1	
HumanEndometrial_Altmae09_145genes 	0	50	79	16909	0.0	1.0	1	
HumanEndometrial_Du08_50genes 	0	50	46	16942	0.0	1.0	1	
HumanEndometrial_Gielen05_69genes 	0	50	55	16933	0.0	1.0	1	
HumanEndometrial_Matsushima-Nishiu01_69genes 	0	50	49	16939	0.0	1.0	1	
HumanEndometrial_Matsushima-Nishiu01_97genes 	0	50	73	16915	0.0	1.0	1	
HumanEndometrial_Takai05_36genes 	0	50	30	16958	0.0	1.0	1	
HumanEsophagus_Barrett03_104genes 	0	50	81	16907	0.0	1.0	1	
HumanEsophagus_Helm05_40genes 	0	50	21	16967	0.0	1.0	1	
HumanEsophagus_Joshi06_129genes 	0	50	80	16908	0.0	1.0	1	
HumanEsophagus_Kimchi05_96genes 	0	50	77	16911	0.0	1.0	1	
HumanEsophagus_Sabo08_119genes 	0	50	96	16892	0.0	1.0	1	
HumanEsophagus_Wang06_245genes 	0	50	170	16818	0.0	1.0	1	
HumanEsophagus_Wang06_67genes 	0	50	49	16939	0.0	1.0	1	
HumanEsophagus_Wang06_82genes 	0	50	60	16928	0.0	1.0	1	
HumanEye+J425_Hendig09_48genes 	0	50	43	16945	0.0	1.0	1	
HumanHeadandNeck_Chung06_42genes 	0	50	40	16948	0.0	1.0	1	
HumanHeadandNeck_Cloos06_103genes 	0	50	85	16903	0.0	1.0	1	
HumanHeadandNeck_Cloos06_37genes 	0	50	25	16963	0.0	1.0	1	
HumanHeadandNeck_Cloos06_52genes_ExposureToBleomycin 	0	50	43	16945	0.0	1.0	1	
HumanHeadandNeck_Cloos06_52genes_GeneListBleoComparison 	0	50	186	16802	0.0	1.0	1	
HumanHeadandNeck_Cromer04_55genes 	0	50	38	16950	0.0	1.0	1	
HumanHeadandNeck_Cromer04_64genes 	0	50	49	16939	0.0	1.0	1	
HumanHeadandNeck_Dysvik06_73genes 	0	50	53	16935	0.0	1.0	1	
HumanHeadandNeck_Jarvinen06_40genes 	0	50	34	16954	0.0	1.0	1	
HumanHeadandNeck_Patel06_45genes 	0	50	29	16959	0.0	1.0	1	
HumanHeadandNeck_Pyeon07_137genes 	0	50	85	16903	0.0	1.0	1	
HumanHeadandNeck_Pyeon07_42genes 	0	50	34	16954	0.0	1.0	1	
HumanHeadandNeck_Sok03_40genes 	0	50	34	16954	0.0	1.0	1	
HumanHeadandNeck_Sok03_45genes 	0	50	33	16955	0.0	1.0	1	
HumanHeadandNeck_Sok03_51genes 	0	50	41	16947	0.0	1.0	1	
HumanHeadandNeck_Sok03_57genes 	0	50	43	16945	0.0	1.0	1	
HumanHeadandNeck_Thurlow10_31genes 	0	50	25	16963	0.0	1.0	1	
HumanHeadandNeck_Thurlow10_34genes 	0	50	23	16965	0.0	1.0	1	
HumanHeadandNeck_Thurlow10_42genes 	0	50	30	16958	0.0	1.0	1	
HumanHeadandNeck_Toruner04_44genes 	0	50	26	16962	0.0	1.0	1	
HumanImmune_Allen10_106genes 	0	50	73	16915	0.0	1.0	1	
HumanImmune_Allen10_42genes 	0	50	15	16973	0.0	1.0	1	
HumanImmune_Allen10_81genes 	0	50	47	16941	0.0	1.0	1	
HumanImmune_Frenkel_73genes 	0	50	55	16933	0.0	1.0	1	
HumanImmune_Kong10_102genes_ImmPort_Chemokines 	0	50	53	16935	0.0	1.0	1	
HumanImmune_Kong10_109genes_ImmPort_CentrocytevsNaive 	0	50	79	16909	0.0	1.0	1	
HumanImmune_Kong10_112genes_ImmPort_CentroblastvsNaive 	0	50	84	16904	0.0	1.0	1	
HumanImmune_Kong10_148genes_ImmPort_AntigenProcessingandPresentation 	0	50	98	16890	0.0	1.0	1	
HumanImmune_Kong10_33genes_ImmPort_TGF-betaFamilyMembers 	0	50	25	16963	0.0	1.0	1	
HumanImmune_Kong10_43genes_ImmPort_InterleukinReceptors 	0	50	30	16958	0.0	1.0	1	
HumanImmune_Kong10_47genes_ImmPort_Interleukins 	0	50	14	16974	0.0	1.0	1	
HumanImmune_Kong10_53genes_ImmPort_ChemokineReceptors 	0	50	32	16956	0.0	1.0	1	
HumanImmune_Kong10_79genes_Immune_Kong10_genes_ImmPort_CentrocytevsMemory 	0	50	64	16924	0.0	1.0	1	
HumanImmune_Kulaeva_03_85genes 	0	50	75	16913	0.0	1.0	1	
HumanImmune_Sillanp04_48genes 	0	50	36	16952	0.0	1.0	1	
HumanImmune_Yang02_54genes 	0	50	44	16944	0.0	1.0	1	
HumanIntestine_Hasegawa02_61genes 	0	50	52	16936	0.0	1.0	1	
HumanIntestine_Hasegawa02_63genes 	0	50	34	16954	0.0	1.0	1	
HumanIntestine_Jinawath04_153genes 	0	50	122	16866	0.0	1.0	1	
HumanIntestine_Jinawath04_46genes 	0	50	38	16950	0.0	1.0	1	
HumanIntestine_Jinawath04_75genes_DownRegulated 	0	50	46	16942	0.0	1.0	1	
HumanIntestine_Jinawath04_75genes_UpRegulated 	0	50	70	16918	0.0	1.0	1	
HumanIntestine_Vecchi07_369genes 	0	50	231	16757	0.0	1.0	1	
HumanIntestine_Vecchi07_40genes 	0	50	22	16966	0.0	1.0	1	
HumanIntestine_Vozenin-Brotons04_119genes 	0	50	99	16889	0.0	1.0	1	
HumanInVitro_Bild06_73genes 	0	50	57	16931	0.0	1.0	1	
HumanInVitro_Bild06_98genes 	0	50	76	16912	0.0	1.0	1	
HumanInVitro_Glesne06_108genes 	0	50	93	16895	0.0	1.0	1	
HumanInVitro_Glesne06_217genes 	0	50	183	16805	0.0	1.0	1	
HumanKidney_Bourdeau04_83genes 	0	50	42	16946	0.0	1.0	1	
HumanKidney_Li05_68genes 	0	50	51	16937	0.0	1.0	1	
HumanKidney_Moore09_38genes 	0	50	29	16959	0.0	1.0	1	
HumanKidney_Myers04_59genes 	0	50	44	16944	0.0	1.0	1	
HumanKidney_Takahashi01_77genes 	0	50	42	16946	0.0	1.0	1	
HumanKidney_Yamakazi03_68genes 	0	50	40	16948	0.0	1.0	1	
HumanKidney_Yang05_50genes_UpExpressedClass1 	0	50	20	16968	0.0	1.0	1	
HumanKidney_Yang05_50genes_UpExpressedClass2 	0	50	33	16955	0.0	1.0	1	
HumanKidney_Yao05_50genes 	0	50	36	16952	0.0	1.0	1	
HumanLeukemia_Achiron07_55genes 	0	50	48	16940	0.0	1.0	1	
HumanLeukemia_Allander01_77genes 	0	50	62	16926	0.0	1.0	1	
HumanLeukemia_Andersson05_100genes_AMLVsALL 	0	50	77	16911	0.0	1.0	1	
HumanLeukemia_Andersson05_100genes_AMLVsCML 	0	50	78	16910	0.0	1.0	1	
HumanLeukemia_Andersson05_114genes 	0	50	74	16914	0.0	1.0	1	
HumanLeukemia_Andersson05_42genes 	0	50	33	16955	0.0	1.0	1	
HumanLeukemia_Andersson05_45genes 	0	50	38	16950	0.0	1.0	1	
HumanLeukemia_Andersson05_50genes 	0	50	37	16951	0.0	1.0	1	
HumanLeukemia_Bal05_36genes 	0	50	33	16955	0.0	1.0	1	
HumanLeukemia_Ben-Dor00_143genes 	0	50	119	16869	0.0	1.0	1	
HumanLeukemia_Bienkowska09_46genes 	0	50	40	16948	0.0	1.0	1	
HumanLeukemia_Bienkowska09_80genes 	0	50	67	16921	0.0	1.0	1	
HumanLeukemia_Bo02_50genes_ALL/AMLClassSeparation 	0	50	41	16947	0.0	1.0	1	
HumanLeukemia_Bo02_50genes_ColonTumor/NormalClassSeparation 	0	50	35	16953	0.0	1.0	1	
HumanLeukemia_Boag07_100genes_pre-BALLvCD19_UP 	0	50	82	16906	0.0	1.0	1	
HumanLeukemia_Boag07_100genes_pre-BALLvCD34_UP 	0	50	70	16918	0.0	1.0	1	
HumanLeukemia_Bogni06_238genes 	0	50	177	16811	0.0	1.0	1	
HumanLeukemia_Bogni06_256genes 	0	50	201	16787	0.0	1.0	1	
HumanLeukemia_Bogni06_67genes 	0	50	48	16940	0.0	1.0	1	
HumanLeukemia_Bogni06_68genes 	0	50	54	16934	0.0	1.0	1	
HumanLeukemia_Bogni06_82genes_228BLineage 	0	50	53	16935	0.0	1.0	1	
HumanLeukemia_Bogni06_82genes_267BorTLineage 	0	50	45	16943	0.0	1.0	1	
HumanLeukemia_Bomben07_122genes 	0	50	76	16912	0.0	1.0	1	
HumanLeukemia_Bomben10_212genes 	0	50	130	16858	0.0	1.0	1	
HumanLeukemia_Booken08_53genes 	0	50	37	16951	0.0	1.0	1	
HumanLeukemia_Calin04_92genes 	0	50	0	16988	nan	1.0	1	
HumanLeukemia_Calin04_98genes 	0	50	0	16988	nan	1.0	1	
HumanLeukemia_Calln08_60genes 	0	50	39	16949	0.0	1.0	1	
HumanLeukemia_Cao06_56genes 	0	50	53	16935	0.0	1.0	1	
HumanLeukemia_Carlucci09_57genes 	0	50	50	16938	0.0	1.0	1	
HumanLeukemia_Chiaretti05_63genes 	0	50	50	16938	0.0	1.0	1	
HumanLeukemia_Chiaretti06_75genes 	0	50	58	16930	0.0	1.0	1	
HumanLeukemia_Chiaretti10_38genes 	0	50	29	16959	0.0	1.0	1	
HumanLeukemia_Chng06_33genes 	0	50	29	16959	0.0	1.0	1	
HumanLeukemia_Chng06_43genes 	0	50	38	16950	0.0	1.0	1	
HumanLeukemia_Choi07_44genes 	0	50	34	16954	0.0	1.0	1	
HumanLeukemia_Chung06_65genes 	0	50	40	16948	0.0	1.0	1	
HumanLeukemia_Davies03_41genes 	0	50	35	16953	0.0	1.0	1	
HumanLeukemia_Dufour10_82genes 	0	50	60	16928	0.0	1.0	1	
HumanLeukemia_Dunne06_38genes 	0	50	26	16962	0.0	1.0	1	
HumanLeukemia_Dunne06_40genes 	0	50	32	16956	0.0	1.0	1	
HumanLeukemia_Dunne06_46genes 	0	50	36	16952	0.0	1.0	1	
HumanLeukemia_Durig03_88genes 	0	50	78	16910	0.0	1.0	1	
HumanLeukemia_Erkeland06_107genes 	0	50	27	16961	0.0	1.0	1	
HumanLeukemia_Erkeland06_199genes 	0	50	68	16920	0.0	1.0	1	
HumanLeukemia_Erkeland06_68genes 	0	50	39	16949	0.0	1.0	1	
HumanLeukemia_Erkeland06_72genes 	0	50	29	16959	0.0	1.0	1	
HumanLeukemia_Falt05_50genes_DownRegulatedVH3 	0	50	47	16941	0.0	1.0	1	
HumanLeukemia_Falt05_50genes_UpRegulatedLgUnmutatedNon-VH3 	0	50	44	16944	0.0	1.0	1	
HumanLeukemia_Falt05_50genes_UpRegulatedVH3 	0	50	39	16949	0.0	1.0	1	
HumanLeukemia_Falt05_50genes_UpRegulatedVH3a 	0	50	33	16955	0.0	1.0	1	
HumanLeukemia_Fernandez08_58genes 	0	50	37	16951	0.0	1.0	1	
HumanLeukemia_Figueroa09_199genes 	0	50	117	16871	0.0	1.0	1	
HumanLeukemia_Figueroa10_39genes 	0	50	31	16957	0.0	1.0	1	
HumanLeukemia_Flotho07_44genes 	0	50	29	16959	0.0	1.0	1	
HumanLeukemia_Frank06_128genes 	0	50	98	16890	0.0	1.0	1	
HumanLeukemia_Fu04_32genes 	0	50	29	16959	0.0	1.0	1	
HumanLeukemia_Ge06_105genes 	0	50	72	16916	0.0	1.0	1	
HumanLeukemia_Ge06_106genes 	0	50	73	16915	0.0	1.0	1	
HumanLeukemia_Gebauer05_34genes 	0	50	29	16959	0.0	1.0	1	
HumanLeukemia_Hakansson04_63genes 	0	50	46	16942	0.0	1.0	1	
HumanLeukemia_Haslinger04_36genes 	0	50	28	16960	0.0	1.0	1	
HumanLeukemia_Haslinger04_75genes 	0	50	62	16926	0.0	1.0	1	
HumanLeukemia_Hillion08_1176genes 	0	50	213	16775	0.0	1.0	1	
HumanLeukemia_Horcajadas06_146genes 	0	50	102	16886	0.0	1.0	1	
HumanLeukemia_Janssen05_33genes 	0	50	25	16963	0.0	1.0	1	
HumanLeukemia_Juric07_106genes 	0	50	62	16926	0.0	1.0	1	
HumanLeukemia_Juric07_85genes 	0	50	64	16924	0.0	1.0	1	
HumanLeukemia_Kalwitz08_35genes 	0	50	24	16964	0.0	1.0	1	
HumanLeukemia_Kang09_42genes 	0	50	27	16961	0.0	1.0	1	
HumanLeukemia_Kiiveri08_100genes_BCR-ABLParallel 	0	50	70	16918	0.0	1.0	1	
HumanLeukemia_Kiiveri08_100genes_BCR-ABLTree 	0	50	70	16918	0.0	1.0	1	
HumanLeukemia_Kiiveri08_100genes_E2A-PBX1Parallel 	0	50	65	16923	0.0	1.0	1	
HumanLeukemia_Kiiveri08_100genes_E2A-PBX1Tree 	0	50	62	16926	0.0	1.0	1	
HumanLeukemia_Kiiveri08_100genes_Hyperdiploid 	0	50	80	16908	0.0	1.0	1	
HumanLeukemia_Kiiveri08_100genes_T-ALLParallel 	0	50	51	16937	0.0	1.0	1	
HumanLeukemia_Kiiveri08_100genes_T-ALLTree 	0	50	50	16938	0.0	1.0	1	
HumanLeukemia_Kiiveri08_100genes_TEL-AML1Parallel 	0	50	59	16929	0.0	1.0	1	
HumanLeukemia_Krivtsov06_50genes 	0	50	28	16960	0.0	1.0	1	
HumanLeukemia_Krivtsov08_36genes 	0	50	31	16957	0.0	1.0	1	
HumanLeukemia_Krivtsov08_50genes 	0	50	43	16945	0.0	1.0	1	
HumanLeukemia_Langer08_138genes 	0	50	81	16907	0.0	1.0	1	
HumanLeukemia_Larsson06_37genes 	0	50	36	16952	0.0	1.0	1	
HumanLeukemia_Larsson06_44genes 	0	50	32	16956	0.0	1.0	1	
HumanLeukemia_Larsson06_54genes 	0	50	39	16949	0.0	1.0	1	
HumanLeukemia_Lee08_66genes 	0	50	51	16937	0.0	1.0	1	
HumanLeukemia_Li10_41genes 	0	50	0	16988	nan	1.0	1	
HumanLeukemia_Lin06_37genes 	0	50	31	16957	0.0	1.0	1	
HumanLeukemia_Marina10_35genes 	0	50	23	16965	0.0	1.0	1	
HumanLeukemia_Messina10_53genes 	0	50	44	16944	0.0	1.0	1	
HumanLeukemia_Metzeler08_86genes 	0	50	48	16940	0.0	1.0	1	
HumanLeukemia_Mollinedo08_117genes 	0	50	110	16878	0.0	1.0	1	
HumanLeukemia_Montesinos-Rongen08_54genes 	0	50	37	16951	0.0	1.0	1	
HumanLeukemia_Mullighan07_91genes 	0	50	64	16924	0.0	1.0	1	
HumanLeukemia_Park03_72genes 	0	50	58	16930	0.0	1.0	1	
HumanLeukemia_Park03_76genes 	0	50	41	16947	0.0	1.0	1	
HumanLeukemia_Passioura05_105genes 	0	50	91	16897	0.0	1.0	1	
HumanLeukemia_Passioura05_36genes 	0	50	33	16955	0.0	1.0	1	
HumanLeukemia_Passioura05_37genes 	0	50	32	16956	0.0	1.0	1	
HumanLeukemia_Passioura05_43genes 	0	50	40	16948	0.0	1.0	1	
HumanLeukemia_Passioura05_44genes 	0	50	35	16953	0.0	1.0	1	
HumanLeukemia_Passioura05_88genes 	0	50	80	16908	0.0	1.0	1	
HumanLeukemia_Pellagatti06_40genes 	0	50	32	16956	0.0	1.0	1	
HumanLeukemia_Pepper07_35genes 	0	50	25	16963	0.0	1.0	1	
HumanLeukemia_Planaguma04_53genes 	0	50	45	16943	0.0	1.0	1	
HumanLeukemia_Puigdecanet08_48genes 	0	50	38	16950	0.0	1.0	1	
HumanLeukemia_Puigdecanet08_96genes 	0	50	71	16917	0.0	1.0	1	
HumanLeukemia_Radmacher06_157genes 	0	50	69	16919	0.0	1.0	1	
HumanLeukemia_Raponi08_45genes 	0	50	24	16964	0.0	1.0	1	
HumanLeukemia_Raponi08_93genes 	0	50	64	16924	0.0	1.0	1	
HumanLeukemia_Rigolin10_82genes 	0	50	66	16922	0.0	1.0	1	
HumanLeukemia_Rodriguez07_50genes 	0	50	42	16946	0.0	1.0	1	
HumanLeukemia_Rodriguez-Caballero08_203 	0	50	175	16813	0.0	1.0	1	
HumanLeukemia_Rudd06_49genes 	0	50	29	16959	0.0	1.0	1	
HumanLeukemia_Sanchez-Guijo08_34genes 	0	50	21	16967	0.0	1.0	1	
HumanLeukemia_Sanchez-Guijo08_41genes 	0	50	34	16954	0.0	1.0	1	
HumanLeukemia_Sanchez-Guijo08_65genes 	0	50	45	16943	0.0	1.0	1	
HumanLeukemia_Sanchez-Guijo08_66genes 	0	50	48	16940	0.0	1.0	1	
HumanLeukemia_Sanchez-Guijo08_77genes 	0	50	70	16918	0.0	1.0	1	
HumanLeukemia_Sasaki05_192genes 	0	50	152	16836	0.0	1.0	1	
HumanLeukemia_Schaefer04_38genes 	0	50	34	16954	0.0	1.0	1	
HumanLeukemia_Schaefer04_54genes 	0	50	49	16939	0.0	1.0	1	
HumanLeukemia_Schroers05_37genes 	0	50	30	16958	0.0	1.0	1	
HumanLeukemia_Shah08_34genes 	0	50	29	16959	0.0	1.0	1	
HumanLeukemia_Sorich08_50genes 	0	50	42	16946	0.0	1.0	1	
HumanLeukemia_Staber04_58genes 	0	50	48	16940	0.0	1.0	1	
HumanLeukemia_Stam09_100genes 	0	50	63	16925	0.0	1.0	1	
HumanLeukemia_Stam09_150genes_Figure5 	0	50	84	16904	0.0	1.0	1	
HumanLeukemia_Stam09_150genes_Figure6 	0	50	84	16904	0.0	1.0	1	
HumanLeukemia_Stam09_40genes 	0	50	31	16957	0.0	1.0	1	
HumanLeukemia_Stam09_97genes 	0	50	75	16913	0.0	1.0	1	
HumanLeukemia_Stumpel09_75genes 	0	50	63	16925	0.0	1.0	1	
HumanLeukemia_Sun07_283genes 	0	50	226	16762	0.0	1.0	1	
HumanLeukemia_Sun07_90genes 	0	50	66	16922	0.0	1.0	1	
HumanLeukemia_Takeda06_172genes 	0	50	108	16880	0.0	1.0	1	
HumanLeukemia_Takeda06_309genes 	0	50	177	16811	0.0	1.0	1	
HumanLeukemia_Tavolaro10_56genes 	0	50	49	16939	0.0	1.0	1	
HumanLeukemia_Tavor03_33genes 	0	50	29	16959	0.0	1.0	1	
HumanLeukemia_Teuffel04_125genes 	0	50	85	16903	0.0	1.0	1	
HumanLeukemia_Teuffel04_132genes 	0	50	102	16886	0.0	1.0	1	
HumanLeukemia_Teuffel04_48genes 	0	50	38	16950	0.0	1.0	1	
HumanLeukemia_Tipping03_40genes 	0	50	33	16955	0.0	1.0	1	
HumanLeukemia_Toren05_224genes 	0	50	130	16858	0.0	1.0	1	
HumanLeukemia_Vallat03_36genes 	0	50	29	16959	0.0	1.0	1	
HumanLeukemia_Verhaak05_50genes 	0	50	40	16948	0.0	1.0	1	
HumanLeukemia_Visser09_75genes 	0	50	63	16925	0.0	1.0	1	
HumanLeukemia_Walker06_47genes 	0	50	44	16944	0.0	1.0	1	
HumanLeukemia_Wang03_43genes 	0	50	38	16950	0.0	1.0	1	
HumanLeukemia_Whitney09_50genes_1-50UpRegulated 	0	50	32	16956	0.0	1.0	1	
HumanLeukemia_Whitney09_50genes_51-100UpRegulated 	0	50	35	16953	0.0	1.0	1	
HumanLeukemia_Wilson06_50genes_DifferentialClusterA1 	0	50	39	16949	0.0	1.0	1	
HumanLeukemia_Wilson06_50genes_DifferentialClusterA2 	0	50	45	16943	0.0	1.0	1	
HumanLeukemia_Wilson06_50genes_DifferentialClusterB 	0	50	36	16952	0.0	1.0	1	
HumanLeukemia_Wilson06_50genes_DifferentialClusterC 	0	50	47	16941	0.0	1.0	1	
HumanLeukemia_Wilson06_50genes_DifferentialClusterC2 	0	50	39	16949	0.0	1.0	1	
HumanLeukemia_Wilson06_50genes_DifferentialClusterD 	0	50	43	16945	0.0	1.0	1	
HumanLeukemia_Wilson06_50genes_DifferentialClusterF 	0	50	41	16947	0.0	1.0	1	
HumanLeukemia_Wilson06_50genes_SigDifferentialClusterA 	0	50	46	16942	0.0	1.0	1	
HumanLeukemia_Wilson06_50genes_SigDifferentialClusterB1 	0	50	40	16948	0.0	1.0	1	
HumanLeukemia_Wilson06_50genes_SigDifferentialClusterB2 	0	50	43	16945	0.0	1.0	1	
HumanLeukemia_Wilson06_50genes_SigDifferentialClusterC 	0	50	40	16948	0.0	1.0	1	
HumanLeukemia_Wilson06_50genes_SigDifferentialClusterD1 	0	50	38	16950	0.0	1.0	1	
HumanLeukemia_Wilson06_50genes_SigDifferentialClusterD2 	0	50	43	16945	0.0	1.0	1	
HumanLeukemia_Wilson06_50genes_SigDifferentialClusterE 	0	50	46	16942	0.0	1.0	1	
HumanLeukemia_Winter07_116genes 	0	50	79	16909	0.0	1.0	1	
HumanLeukemia_Wlodarski08_51genes 	0	50	36	16952	0.0	1.0	1	
HumanLeukemia_Yagi03_135genes 	0	50	110	16878	0.0	1.0	1	
HumanLeukemia_Yagi03_36genes 	0	50	34	16954	0.0	1.0	1	
HumanLeukemia_Yang09_42genes 	0	50	29	16959	0.0	1.0	1	
HumanLeukemia_Yang09_52genes 	0	50	30	16958	0.0	1.0	1	
HumanLeukemia_Yeoh02_40genes_BCR-ABL 	0	50	34	16954	0.0	1.0	1	
HumanLeukemia_Yeoh02_40genes_T-ALL 	0	50	24	16964	0.0	1.0	1	
HumanLeukemia_Yeoh02_40genes_TEL-AML1 	0	50	34	16954	0.0	1.0	1	
HumanLeukemia_Yeoh02_93genes 	0	50	81	16907	0.0	1.0	1	
HumanLeukemia_Yeoh02_96genes 	0	50	86	16902	0.0	1.0	1	
HumanLeukemia_Yu06_61genes 	0	50	0	16988	nan	1.0	1	
HumanLeukemia_Zheng06_114genes 	0	50	95	16893	0.0	1.0	1	
HumanLiver_Breuhahn04_53genes 	0	50	42	16946	0.0	1.0	1	
HumanLiver_Chiba04_52genes 	0	50	47	16941	0.0	1.0	1	
HumanLiver_Dong09_104genes 	0	50	68	16920	0.0	1.0	1	
HumanLiver_Dong09_120genes 	0	50	77	16911	0.0	1.0	1	
HumanLiver_Iizuka03_89genes 	0	50	73	16915	0.0	1.0	1	
HumanLiver_Lau06_50genes 	0	50	32	16956	0.0	1.0	1	
HumanLiver_Li02_38genes 	0	50	29	16959	0.0	1.0	1	
HumanLiver_Nakagawa04_53genes 	0	50	34	16954	0.0	1.0	1	
HumanLiver_Nakagawa04_91genes 	0	50	54	16934	0.0	1.0	1	
HumanLiver_Parent08_55genes 	0	50	28	16960	0.0	1.0	1	
HumanLiver_Sakai08_36genes 	0	50	26	16962	0.0	1.0	1	
HumanLiver_Sakai08_81genes 	0	50	75	16913	0.0	1.0	1	
HumanLiver_Sakai08_86genes 	0	50	77	16911	0.0	1.0	1	
HumanLiver_Sawada05_74genes 	0	50	47	16941	0.0	1.0	1	
HumanLiver_Semeus08_65genes 	0	50	51	16937	0.0	1.0	1	
HumanLiver_Simon10_81genes 	0	50	54	16934	0.0	1.0	1	
HumanLiver_Skawran08_185genes 	0	50	142	16846	0.0	1.0	1	
HumanLiver_Skawran08_272genes 	0	50	200	16788	0.0	1.0	1	
HumanLiver_Skawran08_43genes_ComparisonGeneSetEnrichment 	0	50	31	16957	0.0	1.0	1	
HumanLiver_Skawran08_43genes_DysregulatedinSAM/GSEA 	0	50	32	16956	0.0	1.0	1	
HumanLiver_Skawran08_62genes 	0	50	48	16940	0.0	1.0	1	
HumanLiver_Tomimaru10_107genes 	0	50	33	16955	0.0	1.0	1	
HumanLiver_Tsuchiya10_91genes 	0	50	60	16928	0.0	1.0	1	
HumanLiver_Utispan10_75genes 	0	50	62	16926	0.0	1.0	1	
HumanLung_Agathanggelou03_66genes 	0	50	60	16928	0.0	1.0	1	
HumanLung_Balko06_50genes 	0	50	48	16940	0.0	1.0	1	
HumanLung_Baras09_50genes_BSMvsSCC 	0	50	35	16953	0.0	1.0	1	
HumanLung_Baras09_50genes_SCCvsBSM 	0	50	41	16947	0.0	1.0	1	
HumanLung_Baty10_44genes 	0	50	28	16960	0.0	1.0	1	
HumanLung_Bhattacharjee01_175genes 	0	50	129	16859	0.0	1.0	1	
HumanLung_Boelens09_111genes 	0	50	64	16924	0.0	1.0	1	
HumanLung_Boelens09_135genes 	0	50	91	16897	0.0	1.0	1	
HumanLung_Bridges06_55genes 	0	50	51	16937	0.0	1.0	1	
HumanLung_Broet09_171genes 	0	50	80	16908	0.0	1.0	1	
HumanLung_Carson04_50genes_Increase 	0	50	23	16965	0.0	1.0	1	
HumanLung_Carson04_56genes 	0	50	40	16948	0.0	1.0	1	
HumanLung_Chen04_52genes 	0	50	41	16947	0.0	1.0	1	
HumanLung_Chitale09_103genes 	0	50	71	16917	0.0	1.0	1	
HumanLung_Chitale09_105genes 	0	50	75	16913	0.0	1.0	1	
HumanLung_Chitale09_217genes 	0	50	157	16831	0.0	1.0	1	
HumanLung_Coldren06_110genes 	0	50	69	16919	0.0	1.0	1	
HumanLung_Daniel09_177genes 	0	50	150	16838	0.0	1.0	1	
HumanLung_Daniel09_71genes 	0	50	59	16929	0.0	1.0	1	
HumanLung_Dauer05_137genes 	0	50	97	16891	0.0	1.0	1	
HumanLung_Dauer05_200genes 	0	50	174	16814	0.0	1.0	1	
HumanLung_Dauer05_50genes_OverExpressed 	0	50	40	16948	0.0	1.0	1	
HumanLung_Dauer05_50genes_Repressed 	0	50	45	16943	0.0	1.0	1	
HumanLung_Falvella08_85genes 	0	50	53	16935	0.0	1.0	1	
HumanLung_Fontemaggi02_85genes 	0	50	72	16916	0.0	1.0	1	
HumanLung_Fu07_36genes 	0	50	35	16953	0.0	1.0	1	
HumanLung_Gordon06_38genes 	0	50	31	16957	0.0	1.0	1	
HumanLung_Hou10_75genes 	0	50	39	16949	0.0	1.0	1	
HumanLung_Hsu07_45genes 	0	50	35	16953	0.0	1.0	1	
HumanLung_Ichikawa05_41genes 	0	50	27	16961	0.0	1.0	1	
HumanLung_Ichikawa05_425genes 	0	50	186	16802	0.0	1.0	1	
HumanLung_Jimenez03_71genes 	0	50	52	16936	0.0	1.0	1	
HumanLung_Johnson07_46genes 	0	50	27	16961	0.0	1.0	1	
HumanLung_Joo07_54genes 	0	50	51	16937	0.0	1.0	1	
HumanLung_Joseph04_32genes 	0	50	27	16961	0.0	1.0	1	
HumanLung_Joseph04_66genes 	0	50	55	16933	0.0	1.0	1	
HumanLung_Kakiuchi04_51genes 	0	50	43	16945	0.0	1.0	1	
HumanLung_Khodarev09_35genes 	0	50	31	16957	0.0	1.0	1	
HumanLung_Kikuchi03_242genes 	0	50	156	16832	0.0	1.0	1	
HumanLung_Kikuchi03_50genes 	0	50	40	16948	0.0	1.0	1	
HumanLung_Kobayashi06_126genes 	0	50	87	16901	0.0	1.0	1	
HumanLung_Kobayashi06_320genes 	0	50	208	16780	0.0	1.0	1	
HumanLung_Kobayashi06_42genes 	0	50	24	16964	0.0	1.0	1	
HumanLung_Lam07_65genes 	0	50	55	16933	0.0	1.0	1	
HumanLung_Landi10_167genes 	0	50	39	16949	0.0	1.0	1	
HumanLung_Landi10_33genes 	0	50	0	16988	nan	1.0	1	
HumanLung_Landi10_36genes 	0	50	0	16988	nan	1.0	1	
HumanLung_Larsen07_111genes 	0	50	62	16926	0.0	1.0	1	
HumanLung_Larsen07_54genes 	0	50	38	16950	0.0	1.0	1	
HumanLung_Mikkonen10_209genes 	0	50	136	16852	0.0	1.0	1	
HumanLung_Mikkonen10_38genes 	0	50	21	16967	0.0	1.0	1	
HumanLung_Mikkonen10_59genes 	0	50	28	16960	0.0	1.0	1	
HumanLung_Mikkonen10_62genes 	0	50	36	16952	0.0	1.0	1	
HumanLung_Mikkonen10_72genes 	0	50	44	16944	0.0	1.0	1	
HumanLung_Mikkonen10_98genes 	0	50	76	16912	0.0	1.0	1	
HumanLung_Miko09_63genes 	0	50	0	16988	nan	1.0	1	
HumanLung_Miko09_76genes 	0	50	0	16988	nan	1.0	1	
HumanLung_Miura02_45genes 	0	50	33	16955	0.0	1.0	1	
HumanLung_Nick04_33genes 	0	50	27	16961	0.0	1.0	1	
HumanLung_Nishiyamaar_50genes 	0	50	39	16949	0.0	1.0	1	
HumanLung_Noh05_40genes 	0	50	31	16957	0.0	1.0	1	
HumanLung_Noman09_43genes 	0	50	31	16957	0.0	1.0	1	
HumanLung_not_cancer_Bhattacharya09_220genes_FEV1/FVCinCOPD 	0	50	124	16864	0.0	1.0	1	
HumanLung_not_cancer_Bhattacharya09_220genes_FEV1inCOPD 	0	50	124	16864	0.0	1.0	1	
HumanLung_not_cancer_Bhattacharya09_65genes 	0	50	47	16941	0.0	1.0	1	
HumanLung_not_cancer_Bhattacharya09_84genes 	0	50	56	16932	0.0	1.0	1	
HumanLung_not_cancer_Bhattacharya09_84genes_ 	0	50	56	16932	0.0	1.0	1	
HumanLung_not_cancer_Bhattacharya09_84genes_COPDvsControl 	0	50	57	16931	0.0	1.0	1	
HumanLung_not_cancer_Bhattacharya09_84genes_FEV1PercentPredictedorFEV1/FVC 	0	50	56	16932	0.0	1.0	1	
HumanLung_not_cancer_Francis09_47genes 	0	50	28	16960	0.0	1.0	1	
HumanLung_not_cancer_Francis09_98genes 	0	50	61	16927	0.0	1.0	1	
HumanLung_not_cancer_Geraci01_39genes 	0	50	32	16956	0.0	1.0	1	
HumanLung_not_cancer_Golpon04_150genes 	0	50	118	16870	0.0	1.0	1	
HumanLung_not_cancer_Golpon04_150genes_NMLvsADLvsEML 	0	50	134	16854	0.0	1.0	1	
HumanLung_not_cancer_Golpon04_84genes 	0	50	77	16911	0.0	1.0	1	
HumanLung_not_cancer_Harvey06_118genes 	0	50	72	16916	0.0	1.0	1	
HumanLung_not_cancer_Harvey06_118genes_HG-U1332.0vsHG-U133A 	0	50	72	16916	0.0	1.0	1	
HumanLung_not_cancer_Howrylak09_100genes 	0	50	85	16903	0.0	1.0	1	
HumanLung_not_cancer_Kent10_40genes 	0	50	19	16969	0.0	1.0	1	
HumanLung_not_cancer_Lee05_80genes 	0	50	40	16948	0.0	1.0	1	
HumanLung_not_cancer_Lockstone10_123genes 	0	50	94	16894	0.0	1.0	1	
HumanLung_not_cancer_Lockstone10_50genes 	0	50	42	16946	0.0	1.0	1	
HumanLung_not_cancer_Lockstone10_51genes 	0	50	28	16960	0.0	1.0	1	
HumanLung_not_cancer_Temple01_57genes 	0	50	45	16943	0.0	1.0	1	
HumanLung_not_cancer_Temple01_78genes 	0	50	63	16925	0.0	1.0	1	
HumanLung_not_cancer_Woodruff05_123genes 	0	50	72	16916	0.0	1.0	1	
HumanLung_not_cancer_Woodruff05_81genes 	0	50	65	16923	0.0	1.0	1	
HumanLung_Oh10_38genes 	0	50	37	16951	0.0	1.0	1	
HumanLung_Olaussen09_174genes 	0	50	106	16882	0.0	1.0	1	
HumanLung_Olaussen09_58genes 	0	50	33	16955	0.0	1.0	1	
HumanLung_Olejniczak07_36genes 	0	50	26	16962	0.0	1.0	1	
HumanLung_Olejniczak07_80genes 	0	50	56	16932	0.0	1.0	1	
HumanLung_Patnaik10_279genes 	0	50	0	16988	nan	1.0	1	
HumanLung_Peng05_62genes 	0	50	40	16948	0.0	1.0	1	
HumanLung_Potti06_45genes 	0	50	37	16951	0.0	1.0	1	
HumanLung_Roepman09_72genes 	0	50	42	16946	0.0	1.0	1	
HumanLung_Rohrbeck08_35genes_SquamousCell 	0	50	28	16960	0.0	1.0	1	
HumanLung_Rohrbeck08_42genes_SCLC 	0	50	32	16956	0.0	1.0	1	
HumanLung_Stav08_198genes 	0	50	131	16857	0.0	1.0	1	
HumanLung_Taxman03_151genes 	0	50	118	16870	0.0	1.0	1	
HumanLung_Tessema08_43genes 	0	50	37	16951	0.0	1.0	1	
HumanLung_Tomida07_45genes 	0	50	38	16950	0.0	1.0	1	
HumanLung_Wang04_44genes 	0	50	40	16948	0.0	1.0	1	
HumanLung_Xi05_50genes 	0	50	39	16949	0.0	1.0	1	
HumanLung_Yamagata03_54genes 	0	50	35	16953	0.0	1.0	1	
HumanLymphaticEndothelialCells_Norrmen09_107genes 	0	50	88	16900	0.0	1.0	1	
HumanLymphaticEndothelialCells_Norrmen09_56genes 	0	50	53	16935	0.0	1.0	1	
HumanLymphaticEndothelialCells_Norrmen09_65genes 	0	50	54	16934	0.0	1.0	1	
HumanLymphaticEndothelialCells_Norrmen09_99genes 	0	50	84	16904	0.0	1.0	1	
HumanLymphoma_Armstrong02_100genes_OverExpressed 	0	50	77	16911	0.0	1.0	1	
HumanLymphoma_Armstrong02_100genes_UnderExpressed 	0	50	80	16908	0.0	1.0	1	
HumanLymphoma_Astier03_64genes 	0	50	45	16943	0.0	1.0	1	
HumanLymphoma_Ballabio10_104genes 	0	50	0	16988	nan	1.0	1	
HumanLymphoma_Bohling08_45genes 	0	50	41	16947	0.0	1.0	1	
HumanLymphoma_Bohling08_64genes 	0	50	51	16937	0.0	1.0	1	
HumanLymphoma_Cassinelli09_59genes 	0	50	42	16946	0.0	1.0	1	
HumanLymphoma_Chin09_110genes 	0	50	67	16921	0.0	1.0	1	
HumanLymphoma_Chin09_65genes 	0	50	41	16947	0.0	1.0	1	
HumanLymphoma_Chin09_67genes 	0	50	35	16953	0.0	1.0	1	
HumanLymphoma_Chng09_174genes 	0	50	115	16873	0.0	1.0	1	
HumanLymphoma_Chng09_209genes 	0	50	134	16854	0.0	1.0	1	
HumanLymphoma_Chng09_50genes 	0	50	20	16968	0.0	1.0	1	
HumanLymphoma_Compagno09_genes 	0	50	30	16958	0.0	1.0	1	
HumanLymphoma_deVos03_104genes 	0	50	86	16902	0.0	1.0	1	
HumanLymphoma_Dickens10_50genes 	0	50	46	16942	0.0	1.0	1	
HumanLymphoma_Dickens10_97genes 	0	50	88	16900	0.0	1.0	1	
HumanLymphoma_DiLisio10_173genes 	0	50	0	16988	nan	1.0	1	
HumanLymphoma_DiLisio10_232genes 	0	50	0	16988	nan	1.0	1	
HumanLymphoma_Edick05_33genes 	0	50	29	16959	0.0	1.0	1	
HumanLymphoma_Edick05_70genes 	0	50	63	16925	0.0	1.0	1	
HumanLymphoma_Flotho06_53genes 	0	50	50	16938	0.0	1.0	1	
HumanLymphoma_Fogel07_33genes 	0	50	24	16964	0.0	1.0	1	
HumanLymphoma_Germinal07_44genes 	0	50	42	16946	0.0	1.0	1	
HumanLymphoma_Germinal07_77genes 	0	50	42	16946	0.0	1.0	1	
HumanLymphoma_Ghobrial05_77genes 	0	50	49	16939	0.0	1.0	1	
HumanLymphoma_Golub99_50genes 	0	50	44	16944	0.0	1.0	1	
HumanLymphoma_Guedez05_40genes 	0	50	27	16961	0.0	1.0	1	
HumanLymphoma_Islam02_34genes 	0	50	26	16962	0.0	1.0	1	
HumanLymphoma_Islam02_39genes 	0	50	30	16958	0.0	1.0	1	
HumanLymphoma_Jenner03_279genes 	0	50	144	16844	0.0	1.0	1	
HumanLymphoma_Jenner03_44genes_2 	0	50	30	16958	0.0	1.0	1	
HumanLymphoma_Jenner03_71genes 	0	50	47	16941	0.0	1.0	1	
HumanLymphoma_Jenner03_75genes 	0	50	56	16932	0.0	1.0	1	
HumanLymphoma_Jenner03_92genes 	0	50	59	16929	0.0	1.0	1	
HumanLymphoma_Kari03_135genes 	0	50	91	16897	0.0	1.0	1	
HumanLymphoma_Kari03_62genes 	0	50	46	16942	0.0	1.0	1	
HumanLymphoma_Knoops07_201genes 	0	50	104	16884	0.0	1.0	1	
HumanLymphoma_Lecane05_131genes 	0	50	118	16870	0.0	1.0	1	
HumanLymphoma_Lossos02_152genes 	0	50	93	16895	0.0	1.0	1	
HumanLymphoma_Martinez-Climent03_431genes 	0	50	248	16740	0.0	1.0	1	
HumanLymphoma_Martinez-Delgado05_135genes 	0	50	92	16896	0.0	1.0	1	
HumanLymphoma_Miyazaki08_121genes 	0	50	51	16937	0.0	1.0	1	
HumanLymphoma_Miyazaki08_70genes 	0	50	43	16945	0.0	1.0	1	
HumanLymphoma_Miyazaki09_87genes 	0	50	40	16948	0.0	1.0	1	
HumanLymphoma_OrtegaPaino08_46genes 	0	50	40	16948	0.0	1.0	1	
HumanLymphoma_Piccaluga07_214genes 	0	50	124	16864	0.0	1.0	1	
HumanLymphoma_Piccaluga07_64genes 	0	50	56	16932	0.0	1.0	1	
HumanLymphoma_Piccaluga07_70genes 	0	50	39	16949	0.0	1.0	1	
HumanLymphoma_Piccaluga07_80genes 	0	50	66	16922	0.0	1.0	1	
HumanLymphoma_Piccaluga07_89genes 	0	50	59	16929	0.0	1.0	1	
HumanLymphoma_Piccaluga07_91genes 	0	50	78	16910	0.0	1.0	1	
HumanLymphoma_Poole02_47genes 	0	50	36	16952	0.0	1.0	1	
HumanLymphoma_Poole02_54genes 	0	50	42	16946	0.0	1.0	1	
HumanLymphoma_Poulson05_48genes 	0	50	43	16945	0.0	1.0	1	
HumanLymphoma_Rimsza08_36genes 	0	50	28	16960	0.0	1.0	1	
HumanLymphoma_Rimsza08_37genes 	0	50	32	16956	0.0	1.0	1	
HumanLymphoma_RuizBallesteros05_39genes 	0	50	26	16962	0.0	1.0	1	
HumanLymphoma_Saez09_67genes 	0	50	45	16943	0.0	1.0	1	
HumanLymphoma_Sandeep04_43genes 	0	50	28	16960	0.0	1.0	1	
HumanLymphoma_Sandeep06_217genes 	0	50	134	16854	0.0	1.0	1	
HumanLymphoma_Satoh05_30genes_Non-Tcells 	0	50	23	16965	0.0	1.0	1	
HumanLymphoma_Satoh05_50genes 	0	50	32	16956	0.0	1.0	1	
HumanLymphoma_Shin07_38genes 	0	50	25	16963	0.0	1.0	1	
HumanLymphoma_Shin07_62genes 	0	50	38	16950	0.0	1.0	1	
HumanLymphoma_Shin07_76genes 	0	50	49	16939	0.0	1.0	1	
HumanLymphoma_Sorich08_50genes 	0	50	42	16946	0.0	1.0	1	
HumanLymphoma_Sriuranpong04_109genes 	0	50	81	16907	0.0	1.0	1	
HumanLymphoma_Sriuranpong04_170genes 	0	50	91	16897	0.0	1.0	1	
HumanLymphoma_Sriuranpong04_373genes 	0	50	244	16744	0.0	1.0	1	
HumanLymphoma_Sriuranpong04_45genes 	0	50	34	16954	0.0	1.0	1	
HumanLymphoma_Staege08_50genes_DownRegulated_chemoResistant 	0	50	41	16947	0.0	1.0	1	
HumanLymphoma_Staege08_50genes_DownRegulated_HodgkinlymphvNorm 	0	50	33	16955	0.0	1.0	1	
HumanLymphoma_Staege08_50genes_UpRegulated_chemoResistant 	0	50	29	16959	0.0	1.0	1	
HumanLymphoma_Staege08_50genes_UpRegulated_HodgkinlymphvNorm 	0	50	36	16952	0.0	1.0	1	
HumanLymphoma_Staub09_113genes 	0	50	86	16902	0.0	1.0	1	
HumanLymphoma_Staub09_39genes 	0	50	28	16960	0.0	1.0	1	
HumanLymphoma_Tibshirani02_43genes 	0	50	37	16951	0.0	1.0	1	
HumanLymphoma_Tome05_151genes 	0	50	38	16950	0.0	1.0	1	
HumanLymphoma_Tome05_357genes 	0	50	140	16848	0.0	1.0	1	
HumanLymphoma_Tun08_63genes 	0	50	32	16956	0.0	1.0	1	
HumanLymphoma_VanLoo09_135genes 	0	50	107	16881	0.0	1.0	1	
HumanLymphoma_VanLoo09_40genes 	0	50	34	16954	0.0	1.0	1	
HumanLymphoma_VonKopylow10_11genes_BayesianT-test 	0	50	185	16803	0.0	1.0	1	
HumanLymphoma_Wouters07_81genes 	0	50	63	16925	0.0	1.0	1	
HumanLymphoma_Wright03_44genes 	0	50	29	16959	0.0	1.0	1	
HumanLymphoma_Zhu05_61genes 	0	50	52	16936	0.0	1.0	1	
HumanLypmhoma_Leval07_96genes 	0	50	64	16924	0.0	1.0	1	
HumanMesenchymalStemCells_Boeuf08_51genes 	0	50	40	16948	0.0	1.0	1	
HumanMesenchymalStemCells_Yamamoto08_83genes 	0	50	49	16939	0.0	1.0	1	
HumanMouth_Whipple04_50genes 	0	50	28	16960	0.0	1.0	1	
HumanMultipleMyeloma_Gutierrez10_178genes 	0	50	97	16891	0.0	1.0	1	
HumanMultipleMyeloma_Gutierrez10_37genes 	0	50	33	16955	0.0	1.0	1	
HumanMultipleMyeloma_Gutierrez10_81genes 	0	50	0	16988	nan	1.0	1	
HumanMuscle_Stepto09_102genes 	0	50	84	16904	0.0	1.0	1	
HumanMyeloma_Munshi04_93genes 	0	50	86	16902	0.0	1.0	1	
HumanMyopathy_Eisenberg08_35genes 	0	50	31	16957	0.0	1.0	1	
HumanMyopathy_Eisenberg08_56genes 	0	50	50	16938	0.0	1.0	1	
HumanOral_Hwang03_45genes 	0	50	31	16957	0.0	1.0	1	
HumanOvariain_Zhang05_38genes 	0	50	27	16961	0.0	1.0	1	
HumanOvariain_Zhang05_58genes 	0	50	49	16939	0.0	1.0	1	
HumanOvarian_Appierto07_55genes 	0	50	45	16943	0.0	1.0	1	
HumanOvarian_Bachvarov06_155genes 	0	50	114	16874	0.0	1.0	1	
HumanOvarian_Bachvarov06_43genes_ChemoResistance 	0	50	26	16962	0.0	1.0	1	
HumanOvarian_Baranova06_83genes_CancervsNormal 	0	50	66	16922	0.0	1.0	1	
HumanOvarian_Basaki07_46genes_YB-1infected 	0	50	38	16950	0.0	1.0	1	
HumanOvarian_Bignotti07_126genes_MetsvPrimary_up 	0	50	83	16905	0.0	1.0	1	
HumanOvarian_Bignotti07_36genes_OSPCvsMets_up 	0	50	31	16957	0.0	1.0	1	
HumanOvarian_Crijns09_86Genes_OverallSurvival 	0	50	55	16933	0.0	1.0	1	
HumanOvarian_Denkert09_300genes 	0	50	263	16725	0.0	1.0	1	
HumanOvarian_Donninger04_98genes 	0	50	74	16914	0.0	1.0	1	
HumanOvarian_Dressman07_100genes 	0	50	79	16909	0.0	1.0	1	
HumanOvarian_Helleman06_69genes 	0	50	58	16930	0.0	1.0	1	
HumanOvarian_Li07_38genes 	0	50	25	16963	0.0	1.0	1	
HumanOvarian_Macleod05_87genes 	0	50	74	16914	0.0	1.0	1	
HumanOvarian_Maloney07_45genes 	0	50	35	16953	0.0	1.0	1	
HumanOvarian_Maloney07_84genes 	0	50	70	16918	0.0	1.0	1	
HumanOvarian_Marchini05_70genes 	0	50	65	16923	0.0	1.0	1	
HumanOvarian_Mendiola08_34genes_Survival 	0	50	29	16959	0.0	1.0	1	
HumanOvarian_Menendez07_148genes_5-aza-dCtreatment 	0	50	108	16880	0.0	1.0	1	
HumanOvarian_Menendez07_30genes_5-aza-dCtreatment_up 	0	50	12	16976	0.0	1.0	1	
HumanOvarian_Mok09_200Genes 	0	50	113	16875	0.0	1.0	1	
HumanOvarian_Murph09_45genes_LPAinOVCAR3 	0	50	32	16956	0.0	1.0	1	
HumanOvarian_Okamoto05_44genes 	0	50	32	16956	0.0	1.0	1	
HumanOvarian_Ouellet05_116genes 	0	50	95	16893	0.0	1.0	1	
HumanOvarian_Ouellet05_137genes 	0	50	124	16864	0.0	1.0	1	
HumanOvarian_Ouellet05_53genes 	0	50	39	16949	0.0	1.0	1	
HumanOvarian_Park08_77genes 	0	50	54	16934	0.0	1.0	1	
HumanOvarian_Partheen06_45genes 	0	50	29	16959	0.0	1.0	1	
HumanOvarian_Rae04_209genes 	0	50	168	16820	0.0	1.0	1	
HumanOvarian_Spentzos04_115genes 	0	50	95	16893	0.0	1.0	1	
HumanOvarian_Tsuda05_40genes 	0	50	27	16961	0.0	1.0	1	
HumanOvarian_Wood03_142genes 	0	50	132	16856	0.0	1.0	1	
HumanOvarian_Wood03_173genes 	0	50	158	16830	0.0	1.0	1	
HumanOvarian_Wu05_54genes 	0	50	49	16939	0.0	1.0	1	
HumanOvarian_Wu05_84genes 	0	50	75	16913	0.0	1.0	1	
HumanPancreas_Akada05_44genes 	0	50	34	16954	0.0	1.0	1	
HumanPancreas_Cui07_63genes 	0	50	41	16947	0.0	1.0	1	
Humanpancreas_Fidler07_50genes_InVitro 	0	50	39	16949	0.0	1.0	1	
Humanpancreas_Fidler07_50genes_InVivo 	0	50	26	16962	0.0	1.0	1	
HumanPancreas_Fukushima05_20genes_Parenchyma 	0	50	28	16960	0.0	1.0	1	
HumanPancreas_Grutzmann05_41genes 	0	50	35	16953	0.0	1.0	1	
Humanpancreas_Kalinina03_66genes 	0	50	52	16936	0.0	1.0	1	
Humanpancreas_Kim07_34genes 	0	50	25	16963	0.0	1.0	1	
Humanpancreas_Kim07_59genes 	0	50	46	16942	0.0	1.0	1	
HumanPancreas_Levy05_114genes 	0	50	76	16912	0.0	1.0	1	
Humanpancreas_Missiaglia03_35genes 	0	50	26	16962	0.0	1.0	1	
Humanpancreas_Missiaglia03_41genes 	0	50	33	16955	0.0	1.0	1	
Humanpancreas_Miyake06_52genes 	0	50	46	16942	0.0	1.0	1	
Humanpancreas_Miyake06_72genes 	0	50	65	16923	0.0	1.0	1	
Humanpancreas_Nakahira07_43genes 	0	50	23	16965	0.0	1.0	1	
HumanPancreas_Nakamura04_168genes 	0	50	143	16845	0.0	1.0	1	
HumanPancreas_Nakamura04_261genes 	0	50	207	16781	0.0	1.0	1	
HumanPancreas_Nakamura04_43genes 	0	50	36	16952	0.0	1.0	1	
HumanPancreas_Nakamura07_43genes 	0	50	20	16968	0.0	1.0	1	
HumanPancreas_Qian05_100genes 	0	50	59	16929	0.0	1.0	1	
HumanPancreas_Qian05_42genes 	0	50	34	16954	0.0	1.0	1	
HumanPancreas_Qian05_94genes 	0	50	66	16922	0.0	1.0	1	
Humanpancreas_Segara05_38genes 	0	50	25	16963	0.0	1.0	1	
Humanpancreas_Yang09_44genes 	0	50	43	16945	0.0	1.0	1	
HumanPancreas_Zhao07_52genes 	0	50	29	16959	0.0	1.0	1	
HumanPlacenta_Cindrova-Davies07_93genes 	0	50	41	16947	0.0	1.0	1	
HumanProstate_Anderson06_93genes 	0	50	56	16932	0.0	1.0	1	
HumanProstate_Ashida04_63genes 	0	50	53	16935	0.0	1.0	1	
HumanProstate_Ashida04_98genes 	0	50	83	16905	0.0	1.0	1	
HumanProstate_Best05_256genes 	0	50	198	16790	0.0	1.0	1	
HumanProstate_Best05_62genes 	0	50	52	16936	0.0	1.0	1	
HumanProstate_Bienkowska09_79genes 	0	50	62	16926	0.0	1.0	1	
HumanProstate_Bjorkman08_209genes 	0	50	113	16875	0.0	1.0	1	
HumanProstate_Chambers09_196genes 	0	50	132	16856	0.0	1.0	1	
HumanProstate_Chambers09_42genes 	0	50	29	16959	0.0	1.0	1	
HumanProstate_Chambers09_47genes 	0	50	31	16957	0.0	1.0	1	
HumanProstate_Chandran05_101genes_Donor_v_AdjNormal 	0	50	79	16909	0.0	1.0	1	
HumanProstate_Chandran05_101genes_Donor_v_Tumor 	0	50	78	16910	0.0	1.0	1	
HumanProstate_Chandran07_100genes 	0	50	48	16940	0.0	1.0	1	
HumanProstate_Chandran07_208genes 	0	50	124	16864	0.0	1.0	1	
HumanProstate_ChoVega05_44genes 	0	50	29	16959	0.0	1.0	1	
HumanProstate_Floryk05_57genes 	0	50	42	16946	0.0	1.0	1	
HumanProstate_Floryk05_68genes 	0	50	52	16936	0.0	1.0	1	
HumanProstate_Gu05_120genes 	0	50	72	16916	0.0	1.0	1	
HumanProstate_Handayani06_57genes 	0	50	45	16943	0.0	1.0	1	
HumanProstate_Hendriksen06_163genes 	0	50	97	16891	0.0	1.0	1	
HumanProstate_Hendriksen06_33genes 	0	50	25	16963	0.0	1.0	1	
HumanProstate_Henshall03_50genes 	0	50	33	16955	0.0	1.0	1	
HumanProstate_Hooi06_65genes_2FoldChange 	0	50	216	16772	0.0	1.0	1	
HumanProstate_Hooi06_65genes_Top10Categories 	0	50	42	16946	0.0	1.0	1	
HumanProstate_Joesting05_133genes 	0	50	100	16888	0.0	1.0	1	
HumanProstate_Joesting05_37genes 	0	50	23	16965	0.0	1.0	1	
HumanProstate_Karan02_42genes 	0	50	37	16951	0.0	1.0	1	
HumanProstate_Ma06_42genes 	0	50	30	16958	0.0	1.0	1	
HumanProstate_Nadiminty06_110genes 	0	50	69	16919	0.0	1.0	1	
HumanProstate_Nadiminty06_50genes_DownRegulated 	0	50	45	16943	0.0	1.0	1	
HumanProstate_Nadiminty06_50genes_UpRegulated 	0	50	45	16943	0.0	1.0	1	
HumanProstate_Nanni06_70genes 	0	50	66	16922	0.0	1.0	1	
HumanProstate_Oudes05_33genes 	0	50	23	16965	0.0	1.0	1	
HumanProstate_Oudes05_66genes 	0	50	56	16932	0.0	1.0	1	
HumanProstate_Shepherd08_50genes_1 	0	50	25	16963	0.0	1.0	1	
HumanProstate_Shepherd08_50genes_2 	0	50	44	16944	0.0	1.0	1	
HumanProstate_Shepherd08_50genes_4 	0	50	41	16947	0.0	1.0	1	
HumanProstate_Sigala08_76genes 	0	50	67	16921	0.0	1.0	1	
HumanProstate_Stanbrough06_89genes 	0	50	67	16921	0.0	1.0	1	
HumanProstate_Svensson06_genes 	0	50	41	16947	0.0	1.0	1	
HumanProstate_Tamura07_36genes 	0	50	22	16966	0.0	1.0	1	
HumanProstate_Tamura07_70genes 	0	50	62	16926	0.0	1.0	1	
HumanProstate_Wallace08_63genes 	0	50	26	16962	0.0	1.0	1	
HumanProstate_Wallace08_86genes 	0	50	52	16936	0.0	1.0	1	
HumanProstate_Wang08_79genes 	0	50	51	16937	0.0	1.0	1	
HumanProstate_Wang09_40genes 	0	50	30	16958	0.0	1.0	1	
HumanProstate_Wu04_39genes 	0	50	29	16959	0.0	1.0	1	
HumanProstate_Zhang06_128genes 	0	50	110	16878	0.0	1.0	1	
HumanProstate_Zhang09_84genes 	0	50	74	16914	0.0	1.0	1	
HumanRectal_Kalady10_36genes 	0	50	15	16973	0.0	1.0	1	
HumanSarcoma_Chibon10_67genes_genomeComplexityPredictor 	0	50	45	16943	0.0	1.0	1	
HumanSarcoma_Henderson05_54genes 	0	50	40	16948	0.0	1.0	1	
HumanSarcoma_Henderson05_66genes 	0	50	46	16942	0.0	1.0	1	
HumanSarcoma_Lee04_80genes 	0	50	74	16914	0.0	1.0	1	
HumanSarcoma_Missiaglia10_176genes 	0	50	78	16910	0.0	1.0	1	
HumanSarcoma_Missiaglia10_48genes 	0	50	40	16948	0.0	1.0	1	
HumanSarcoma_Zucchini04_79genes 	0	50	74	16914	0.0	1.0	1	
HumanSkin_Alonso07_187genes 	0	50	149	16839	0.0	1.0	1	
HumanSkin_Alonso07_41genes 	0	50	32	16956	0.0	1.0	1	
HumanSkin_Dazard03_92genes 	0	50	78	16910	0.0	1.0	1	
HumanSkin_Dry10_181genes 	0	50	166	16822	0.0	1.0	1	
HumanSkin_Dry10_269genes 	0	50	166	16822	0.0	1.0	1	
HumanSkin_Ghosh05_107genes 	0	50	79	16909	0.0	1.0	1	
HumanSkin_Ghosh05_74genes 	0	50	56	16932	0.0	1.0	1	
HumanSkin_Kyng05_63genes 	0	50	56	16932	0.0	1.0	1	
HumanSkin_Kyng05_81genes 	0	50	77	16911	0.0	1.0	1	
HumanSkin_Micke07_42genes 	0	50	38	16950	0.0	1.0	1	
HumanSkin_VanGele04_30genes 	0	50	28	16960	0.0	1.0	1	
HumanSkin_VanGele04_46genes 	0	50	41	16947	0.0	1.0	1	
HumanSkin_Wang02_42genes 	0	50	34	16954	0.0	1.0	1	
HumanStemCell_Ahn02_69genes 	0	50	36	16952	0.0	1.0	1	
HumanStemCell_Amundson08_138genes 	0	50	112	16876	0.0	1.0	1	
HumanStemCell_Appel05_genes 	0	50	31	16957	0.0	1.0	1	
HumanStemCell_Barenco06_50genes 	0	50	40	16948	0.0	1.0	1	
HumanStemCell_Bhattacharya04_105genes 	0	50	84	16904	0.0	1.0	1	
HumanStemCell_Bohgaki05_118genes 	0	50	91	16897	0.0	1.0	1	
HumanStemCell_Cao06_38genes 	0	50	29	16959	0.0	1.0	1	
HumanStemCell_Cao06_55genes 	0	50	41	16947	0.0	1.0	1	
HumanStemCell_Chang10_30genes 	0	50	26	16962	0.0	1.0	1	
HumanStemCell_Chau09_160genes 	0	50	122	16866	0.0	1.0	1	
HumanStemCell_Chau09_32genes 	0	50	29	16959	0.0	1.0	1	
HumanStemCell_Chiba06_62genes 	0	50	33	16955	0.0	1.0	1	
HumanStemCell_Chow06_57genes 	0	50	54	16934	0.0	1.0	1	
HumanStemCell_Coller06_136genes 	0	50	78	16910	0.0	1.0	1	
HumanStemCell_Colombo09_111genes 	0	50	87	16901	0.0	1.0	1	
HumanStemCell_Cui05_113genes 	0	50	97	16891	0.0	1.0	1	
HumanStemCell_Cui05_36genes 	0	50	27	16961	0.0	1.0	1	
HumanStemCell_Cui05_41genes 	0	50	27	16961	0.0	1.0	1	
HumanStemCell_Cui05_71genes 	0	50	67	16921	0.0	1.0	1	
HumanStemCell_Davicioni06_106genes 	0	50	70	16918	0.0	1.0	1	
HumanStemCell_Davicioni06_81genes 	0	50	70	16918	0.0	1.0	1	
HumanStemCell_Dekker06_107genes 	0	50	47	16941	0.0	1.0	1	
HumanStemCell_Duhagon10_60genes 	0	50	53	16935	0.0	1.0	1	
HumanStemCell_Ehrchen07_102genes 	0	50	96	16892	0.0	1.0	1	
HumanStemCell_Ehrchen07_45genes 	0	50	36	16952	0.0	1.0	1	
HumanStemCell_Enk06_139genes 	0	50	109	16879	0.0	1.0	1	
HumanStemCell_Enk06_67genes 	0	50	57	16931	0.0	1.0	1	
HumanStemCell_Fang09_32genes 	0	50	31	16957	0.0	1.0	1	
HumanStemCell_Fang09_79genes 	0	50	63	16925	0.0	1.0	1	
HumanStemCell_Fann06_44genes 	0	50	32	16956	0.0	1.0	1	
HumanStemCell_Fruehauf06_110genes 	0	50	85	16903	0.0	1.0	1	
HumanStemCell_Garnett04_109genes 	0	50	67	16921	0.0	1.0	1	
HumanStemCell_Gillet04_57genes 	0	50	28	16960	0.0	1.0	1	
HumanStemCell_Giroux05_34genes 	0	50	11	16977	0.0	1.0	1	
HumanStemCell_Gnatenko03_50genes 	0	50	41	16947	0.0	1.0	1	
HumanStemCell_Greco07_50genes_ESCs 	0	50	34	16954	0.0	1.0	1	
HumanStemCell_Greco07_50genes_MSCs 	0	50	33	16955	0.0	1.0	1	
HumanStemCell_Greco07_50genes_MSCsandESCs 	0	50	36	16952	0.0	1.0	1	
HumanStemCell_Hao09_97genes 	0	50	71	16917	0.0	1.0	1	
HumanStemCell_Innes06_108genes 	0	50	91	16897	0.0	1.0	1	
HumanStemCell_Jaatinen06_86genes 	0	50	70	16918	0.0	1.0	1	
HumanStemCell_Jaitin06_49genes 	0	50	46	16942	0.0	1.0	1	
HumanStemCell_Kasper06_30genes 	0	50	24	16964	0.0	1.0	1	
HumanStemCell_Kim08_30genes 	0	50	27	16961	0.0	1.0	1	
HumanStemCell_Kocer08_236genes 	0	50	183	16805	0.0	1.0	1	
HumanStemCell_Kocer08_87genes 	0	50	71	16917	0.0	1.0	1	
HumanStemCell_Koide10_79genes 	0	50	48	16940	0.0	1.0	1	
HumanStemCell_Komor05_37genes 	0	50	31	16957	0.0	1.0	1	
HumanStemCell_Komor05_52genes 	0	50	45	16943	0.0	1.0	1	
HumanStemCell_Komor05_56genes 	0	50	39	16949	0.0	1.0	1	
HumanStemCell_Komor05_58genes 	0	50	42	16946	0.0	1.0	1	
HumanStemCell_Komor05_91genes 	0	50	78	16910	0.0	1.0	1	
HumanStemCell_Korkola05_146genes 	0	50	80	16908	0.0	1.0	1	
HumanStemCell_Kuttruff08_108genes 	0	50	68	16920	0.0	1.0	1	
HumanStemCell_Lavon10_43genes 	0	50	0	16988	nan	1.0	1	
HumanStemCell_Leong06_58genes 	0	50	54	16934	0.0	1.0	1	
HumanStemCell_Li05_279genes 	0	50	159	16829	0.0	1.0	1	
HumanStemCell_Lim08_35genes 	0	50	29	16959	0.0	1.0	1	
HumanStemCell_Lim08_50genes 	0	50	44	16944	0.0	1.0	1	
HumanStemCell_Lottaz10_31genes 	0	50	28	16960	0.0	1.0	1	
HumanStemCell_Macaulay07_150genes 	0	50	106	16882	0.0	1.0	1	
HumanStemCell_Macaulay07_50genes 	0	50	31	16957	0.0	1.0	1	
HumanStemCell_Manalo05_108genes 	0	50	75	16913	0.0	1.0	1	
HumanStemCell_Manalo05_129genes 	0	50	87	16901	0.0	1.0	1	
HumanStemCell_Matar04_45genes 	0	50	30	16958	0.0	1.0	1	
HumanStemCell_Matar04_59genes 	0	50	42	16946	0.0	1.0	1	
HumanStemCell_Matushansky08_297genes 	0	50	247	16741	0.0	1.0	1	
HumanStemCell_Matushansky08_35genes 	0	50	27	16961	0.0	1.0	1	
HumanStemCell_Matushansky08_69genes 	0	50	48	16940	0.0	1.0	1	
HumanStemCell_Meijden02_222genes 	0	50	191	16797	0.0	1.0	1	
HumanStemCell_Moreno05_44genes 	0	50	35	16953	0.0	1.0	1	
HumanStemCell_Mullighan09_39genes 	0	50	34	16954	0.0	1.0	1	
HumanStemCell_Nakamura09_49genes 	0	50	39	16949	0.0	1.0	1	
HumanStemCell_Nakamura09_50genes 	0	50	39	16949	0.0	1.0	1	
HumanStemCell_Ng08_33genes 	0	50	32	16956	0.0	1.0	1	
HumanStemCell_Ng08_62genes 	0	50	56	16932	0.0	1.0	1	
HumanStemCell_Nilsson07_55genes 	0	50	52	16936	0.0	1.0	1	
HumanStemCell_Novakova10_89genes_CommonCytokines 	0	50	32	16956	0.0	1.0	1	
HumanStemCell_Novakova10_89genes_Interferons/Receptors 	0	50	37	16951	0.0	1.0	1	
HumanStemCell_Nuytten08_44genes 	0	50	32	16956	0.0	1.0	1	
HumanStemCell_Oh08_58genes 	0	50	40	16948	0.0	1.0	1	
HumanStemCell_Osada05_129genes 	0	50	116	16872	0.0	1.0	1	
HumanStemCell_Oswald06_50genes 	0	50	25	16963	0.0	1.0	1	
HumanStemCell_Paakkonen07_111genes 	0	50	68	16920	0.0	1.0	1	
HumanStemCell_Pilgaard09_59genes 	0	50	41	16947	0.0	1.0	1	
HumanStemCell_Pramoonjago06_50genes_DownRegulated 	0	50	39	16949	0.0	1.0	1	
HumanStemCell_Pramoonjago06_50genes_UpRegulated 	0	50	43	16945	0.0	1.0	1	
HumanStemCell_Rickardson05_40genes 	0	50	39	16949	0.0	1.0	1	
HumanStemCell_Riggi08_129genes 	0	50	86	16902	0.0	1.0	1	
HumanStemCell_Riggi08_206genes 	0	50	131	16857	0.0	1.0	1	
HumanStemCell_Riggi08_262genes 	0	50	158	16830	0.0	1.0	1	
HumanStemCell_Riggi08_46genes 	0	50	36	16952	0.0	1.0	1	
HumanStemCell_Roth05_33genes 	0	50	31	16957	0.0	1.0	1	
HumanStemCell_Seo07_61genes 	0	50	37	16951	0.0	1.0	1	
HumanStemCell_Shats10_100genes_Consensus 	0	50	67	16921	0.0	1.0	1	
HumanStemCell_Shats10_100genes_InducedPluripotent 	0	50	72	16916	0.0	1.0	1	
HumanStemCell_Shaughnessy05_51genes 	0	50	44	16944	0.0	1.0	1	
HumanStemCell_Shi07_38genes 	0	50	32	16956	0.0	1.0	1	
HumanStemCell_Shim04_33genes 	0	50	26	16962	0.0	1.0	1	
HumanStemCell_Singleton08_47genes 	0	50	25	16963	0.0	1.0	1	
HumanStemCell_Skottman06_82genes 	0	50	64	16924	0.0	1.0	1	
HumanStemCell_Skottman06_91genes 	0	50	63	16925	0.0	1.0	1	
HumanStemCell_Song06_52genes 	0	50	39	16949	0.0	1.0	1	
HumanStemCell_Song06_74genes 	0	50	52	16936	0.0	1.0	1	
HumanStemCell_Sun05_38genes 	0	50	33	16955	0.0	1.0	1	
HumanStemCell_Temmerman06_50genes 	0	50	45	16943	0.0	1.0	1	
HumanStemCell_Tian05_68genes 	0	50	60	16928	0.0	1.0	1	
HumanStemCell_Tondreau08_52genes 	0	50	39	16949	0.0	1.0	1	
HumanStemCell_Tsai06_66genes 	0	50	57	16931	0.0	1.0	1	
HumanStemCell_Wagner04_39genes 	0	50	24	16964	0.0	1.0	1	
HumanStemCell_Wang05_40genes 	0	50	31	16957	0.0	1.0	1	
HumanStemCell_West07_56genes_AdultTumorvsNormal 	0	50	31	16957	0.0	1.0	1	
HumanStemCell_West07_56genes_FetalvsAdultNormalCortex 	0	50	26	16962	0.0	1.0	1	
HumanStemCell_Yang08_49genes 	0	50	39	16949	0.0	1.0	1	
HumanStemCell_Yang08_53genes 	0	50	43	16945	0.0	1.0	1	
HumanStemCell_Young03_142genes 	0	50	97	16891	0.0	1.0	1	
HumanStomach_Antonescu04_51genes 	0	50	43	16945	0.0	1.0	1	
HumanStomach_Bonelli10_61genes 	0	50	51	16937	0.0	1.0	1	
HumanStomach_Galamb08_36genes 	0	50	21	16967	0.0	1.0	1	
HumanStomach_Hofsli05_101genes 	0	50	91	16897	0.0	1.0	1	
HumanStomach_Hofsli05_95genes 	0	50	78	16910	0.0	1.0	1	
HumanStomach_Hofsli05_99genes_RegulatedbyEGF 	0	50	85	16903	0.0	1.0	1	
HumanStomach_Hofsli05_99genes_RegulatedbyPACAP 	0	50	85	16903	0.0	1.0	1	
HumanStomach_Kang05_56genes 	0	50	36	16952	0.0	1.0	1	
HumanStomach_Kim03_57genes_DownRegulated 	0	50	44	16944	0.0	1.0	1	
HumanStomach_Kim03_57genes_UpRegulated 	0	50	49	16939	0.0	1.0	1	
HumanStomach_Lee04_33genes 	0	50	25	16963	0.0	1.0	1	
HumanStomach_Lee04_37genes 	0	50	33	16955	0.0	1.0	1	
HumanStomach_Marcos08_45genes 	0	50	21	16967	0.0	1.0	1	
HumanStomach_Meireles04_42genes 	0	50	31	16957	0.0	1.0	1	
HumanStomach_Nojima07_73genes 	0	50	52	16936	0.0	1.0	1	
HumanStomach_Subramanian04_49genes_KITexon11mutant 	0	50	35	16953	0.0	1.0	1	
HumanStomach_Subramanian04_49genes_PDGFRA 	0	50	37	16951	0.0	1.0	1	
HumanStomach_Takada05_52genes 	0	50	31	16957	0.0	1.0	1	
HumanStomach_Wang10_79genes 	0	50	51	16937	0.0	1.0	1	
HumanStomach_Xie10_41genes 	0	50	36	16952	0.0	1.0	1	
HumanStomach_Yanagihara05_60genes 	0	50	26	16962	0.0	1.0	1	
HumanStomach_Yang05_96genes 	0	50	83	16905	0.0	1.0	1	
HumanStomach_Yuan04_32genes 	0	50	28	16960	0.0	1.0	1	
HumanStomach_Yuan04_54genes 	0	50	45	16943	0.0	1.0	1	
HumanStomach_Zhao09_168genes 	0	50	127	16861	0.0	1.0	1	
HumanTesticular_Almstrup05_100genes 	0	50	49	16939	0.0	1.0	1	
HumanTesticular_Duale07_100genes 	0	50	75	16913	0.0	1.0	1	
HumanTesticular_Duale07_79genes 	0	50	61	16927	0.0	1.0	1	
HumanTesticular_Looijenga06_102genes 	0	50	51	16937	0.0	1.0	1	
HumanTesticular_Weinschenk02_98genes 	0	50	74	16914	0.0	1.0	1	
HumanThryoid_Chevillard04_139genes 	0	50	100	16888	0.0	1.0	1	
HumanThryoid_Chevillard04_43genes 	0	50	32	16956	0.0	1.0	1	
HumanThyroid_Eszlinger06_48genes 	0	50	46	16942	0.0	1.0	1	
HumanThyroid_Eszlinger06_85genes 	0	50	76	16912	0.0	1.0	1	
HumanThyroid_Fontaine09_103genes 	0	50	93	16895	0.0	1.0	1	
HumanThyroid_Forberg05_35genes 	0	50	28	16960	0.0	1.0	1	
HumanThyroid_Forberg05_41genes 	0	50	36	16952	0.0	1.0	1	
HumanThyroid_Forberg05_44genes 	0	50	39	16949	0.0	1.0	1	
HumanThyroid_Jarzab05_102genes 	0	50	85	16903	0.0	1.0	1	
HumanThyroid_Siraj07_43genes 	0	50	34	16954	0.0	1.0	1	
HumanUmbilicalCordBloodCells_Miyagawa09_58genes 	0	50	47	16941	0.0	1.0	1	
HumanUterine_Ferguson04_101genes 	0	50	75	16913	0.0	1.0	1	
HumanUterine_Kitahara02_50genes 	0	50	29	16959	0.0	1.0	1	
HumanUterine_Lucerna06_67genes 	0	50	45	16943	0.0	1.0	1	
HumanUterine_Luo05_110genes_2Hr 	0	50	97	16891	0.0	1.0	1	
HumanUterine_Luo05_78genes 	0	50	65	16923	0.0	1.0	1	
HumanUterine_Luo05_83genes_6Hr 	0	50	79	16909	0.0	1.0	1	
HumanUterine_Luo05_89genes 	0	50	71	16917	0.0	1.0	1	
HumanUterine_Vanharanta05_107genes 	0	50	97	16891	0.0	1.0	1	
HumanUterine_Vanharanta05_289genes 	0	50	58	16930	0.0	1.0	1	
HumanUterine_Vanharanta05_54genes 	0	50	40	16948	0.0	1.0	1	
HumanUterine_Vanharanta05_737genes 	0	50	74	16914	0.0	1.0	1	
HumanUterine_Vanharanta05_79genes 	0	50	63	16925	0.0	1.0	1	
HumanUterine_Wong05_84genes 	0	50	54	16934	0.0	1.0	1	
HumanViral_Ahn05_157genes 	0	50	102	16886	0.0	1.0	1	
HumanViral_Andreas08_68genes 	0	50	46	16942	0.0	1.0	1	
HumanViral_Boccardo09_41genes 	0	50	32	16956	0.0	1.0	1	
HumanViral_Boccardo09_65genes 	0	50	47	16941	0.0	1.0	1	
HumanViral_Bryan06_30genes 	0	50	28	16960	0.0	1.0	1	
HumanViral_Cairo08_227genes 	0	50	186	16802	0.0	1.0	1	
HumanViral_Cairo08_61genes 	0	50	44	16944	0.0	1.0	1	
HumanViral_Cairo08_76genes 	0	50	26	16962	0.0	1.0	1	
HumanViral_Cairo08_78genes 	0	50	60	16928	0.0	1.0	1	
HumanViral_Cairo08_88genes 	0	50	77	16911	0.0	1.0	1	
HumanViral_Chen07_144genes 	0	50	75	16913	0.0	1.0	1	
HumanViral_Chen07_60genes 	0	50	37	16951	0.0	1.0	1	
HumanViral_Chetaille09_76genes 	0	50	59	16929	0.0	1.0	1	
HumanViral_Delpuech02_38genes 	0	50	33	16955	0.0	1.0	1	
HumanViral_Feuerhake05_46genes 	0	50	28	16960	0.0	1.0	1	
HumanViral_Feuerhake05_47genes 	0	50	25	16963	0.0	1.0	1	
HumanViral_Feuerhake05_64genes 	0	50	54	16934	0.0	1.0	1	
HumanViral_Harenberg08_60genes 	0	50	45	16943	0.0	1.0	1	
HumanViral_Jamshidi-Parsian05_42genes 	0	50	31	16957	0.0	1.0	1	
HumanViral_Klein03_58genes 	0	50	43	16945	0.0	1.0	1	
HumanViral_Klein03_67genes 	0	50	49	16939	0.0	1.0	1	
HumanViral_Krishnan04_59genes 	0	50	50	16938	0.0	1.0	1	
HumanViral_Naiki02_56genes 	0	50	45	16943	0.0	1.0	1	
HumanViral_Okada03_58genes 	0	50	55	16933	0.0	1.0	1	
HumanViral_Prueitt08_34genes 	0	50	28	16960	0.0	1.0	1	
HumanViral_Radhakrishnan03_48genes 	0	50	38	16950	0.0	1.0	1	
HumanViral_Rodriguez-Caballero09_98genes 	0	50	76	16912	0.0	1.0	1	
HumanViral_Ruutu02_63genes 	0	50	50	16938	0.0	1.0	1	
HumanViral_Santegoets07_103genes 	0	50	82	16906	0.0	1.0	1	
HumanViral_Schaefer04_56genes 	0	50	54	16934	0.0	1.0	1	
HumanViral_Schlecht07_38genes 	0	50	25	16963	0.0	1.0	1	
HumanViral_Schlecht07_85genes 	0	50	54	16934	0.0	1.0	1	
HumanViral_Scott04_76genes 	0	50	70	16918	0.0	1.0	1	
HumanViral_Seo05_58genes 	0	50	49	16939	0.0	1.0	1	
HumanViral_Uchimura07_50genes 	0	50	39	16949	0.0	1.0	1	
HumanViral_Uchimura07_54genes 	0	50	44	16944	0.0	1.0	1	
HumanViral_Urosevic07_75genes 	0	50	57	16931	0.0	1.0	1	
HumanViral_Wang04_114genes 	0	50	88	16900	0.0	1.0	1	
HumanViral_Zafrakas07_75genes 	0	50	45	16943	0.0	1.0	1	
	test_inset	test_notinset	background_inset	background_notinset	oddsratio	pvalue	bonferroni-adjusted	testgenes_in_set
